frame,queue density
1,0.0918376
2,0.0956603
3,0.102459
4,0.114845
5,0.1155
6,0.117614
7,0.123444
8,0.1242
9,0.125217
10,0.129887
11,0.130367
12,0.131964
13,0.134917
14,0.135571
15,0.136603
16,0.150579
17,0.151393
18,0.154693
19,0.154562
20,0.154215
21,0.155489
22,0.156008
23,0.157216
24,0.157513
25,0.161754
26,0.161882
27,0.162282
28,0.160087
29,0.16064
30,0.160821
31,0.161705
32,0.161987
33,0.162579
34,0.16304
35,0.163492
36,0.163713
37,0.165762
38,0.165776
39,0.166421
40,0.169338
41,0.169739
42,0.170548
43,0.209115
44,0.211659
45,0.217526
46,0.221094
47,0.222417
48,0.224406
49,0.231087
50,0.232382
51,0.233552
52,0.23279
53,0.232032
54,0.230498
55,0.255379
56,0.256308
57,0.262014
58,0.270317
59,0.26934
60,0.271196
61,0.268899
62,0.269644
63,0.269944
64,0.272507
65,0.273073
66,0.273475
67,0.276437
68,0.277343
69,0.277561
70,0.280979
71,0.280963
72,0.273569
73,0.280172
74,0.280222
75,0.279631
76,0.275581
77,0.276528
78,0.275254
79,0.25863
80,0.257831
81,0.256612
82,0.253038
83,0.253415
84,0.252308
85,0.246951
86,0.247332
87,0.246888
88,0.245428
89,0.246546
90,0.250871
91,0.250308
92,0.249736
93,0.248562
94,0.247693
95,0.243665
96,0.247259
97,0.249673
98,0.249641
99,0.250364
100,0.249748
101,0.249874
102,0.249823
103,0.248659
104,0.248854
105,0.24875
106,0.249032
107,0.248728
108,0.248097
109,0.247193
110,0.247368
111,0.247146
112,0.247436
113,0.247511
114,0.247894
115,0.248363
116,0.248537
117,0.249089
118,0.245467
119,0.243952
120,0.242235
121,0.241326
122,0.242181
123,0.243216
124,0.237562
125,0.237775
126,0.237729
127,0.237727
128,0.237638
129,0.237729
130,0.237918
131,0.237986
132,0.23842
133,0.244347
134,0.236874
135,0.236949
136,0.24408
137,0.243199
138,0.241874
139,0.249989
140,0.25103
141,0.252272
142,0.254173
143,0.253663
144,0.25224
145,0.236984
146,0.23702
147,0.235907
148,0.236302
149,0.236524
150,0.236861
151,0.237299
152,0.237813
153,0.238224
154,0.25152
155,0.252723
156,0.254756
157,0.25702
158,0.255748
159,0.254601
160,0.251714
161,0.251576
162,0.251809
163,0.251894
164,0.251985
165,0.252432
166,0.251662
167,0.251468
168,0.251222
169,0.254711
170,0.25492
171,0.254535
172,0.254637
173,0.254875
174,0.253274
175,0.258961
176,0.259645
177,0.259715
178,0.26143
179,0.261536
180,0.260931
181,0.26098
182,0.260973
183,0.260917
184,0.2609
185,0.260917
186,0.261305
187,0.260452
188,0.262901
189,0.262574
190,0.262257
191,0.259564
192,0.259261
193,0.270786
194,0.27136
195,0.271829
196,0.27694
197,0.276957
198,0.277563
199,0.280625
200,0.280889
201,0.28033
202,0.284089
203,0.297712
204,0.302239
205,0.324848
206,0.328907
207,0.335626
208,0.352971
209,0.348209
210,0.353908
211,0.374099
212,0.376152
213,0.381333
214,0.398177
215,0.400188
216,0.405669
217,0.418969
218,0.419835
219,0.423147
220,0.426747
221,0.427941
222,0.416774
223,0.43246
224,0.435918
225,0.439611
226,0.465856
227,0.447589
228,0.472827
229,0.479776
230,0.481908
231,0.473728
232,0.475657
233,0.470725
234,0.482145
235,0.466815
236,0.466278
237,0.479539
238,0.483059
239,0.485323
240,0.486235
241,0.487851
242,0.486601
243,0.486618
244,0.487163
245,0.488356
246,0.48943
247,0.48416
248,0.472885
249,0.482546
250,0.504296
251,0.506842
252,0.511946
253,0.530022
254,0.532093
255,0.54838
256,0.562994
257,0.564275
258,0.568302
259,0.578551
260,0.580674
261,0.578464
262,0.584368
263,0.584981
264,0.585234
265,0.630812
266,0.629954
267,0.627524
268,0.595847
269,0.596423
270,0.597875
271,0.607042
272,0.607922
273,0.60723
274,0.621248
275,0.621172
276,0.62024
277,0.617097
278,0.616625
279,0.616909
280,0.60141
281,0.602188
282,0.601009
283,0.597835
284,0.586566
285,0.586332
286,0.606849
287,0.608239
288,0.611022
289,0.624179
290,0.626191
291,0.629244
292,0.640816
293,0.656044
294,0.638717
295,0.652743
296,0.653175
297,0.653611
298,0.667884
299,0.670273
300,0.674396
301,0.686664
302,0.692969
303,0.700066
304,0.721357
305,0.723562
306,0.726321
307,0.736163
308,0.737838
309,0.739931
310,0.819518
311,0.819655
312,0.820182
313,0.82044
314,0.820353
315,0.821687
316,0.820838
317,0.820343
318,0.819002
319,0.813932
320,0.813204
321,0.811808
322,0.803325
323,0.803373
324,0.80268
325,0.798522
326,0.797888
327,0.797109
328,0.806587
329,0.806639
330,0.806099
331,0.805488
332,0.805119
333,0.804372
334,0.801572
335,0.802291
336,0.802289
337,0.796794
338,0.801516
339,0.800851
340,0.802337
341,0.801935
342,0.801752
343,0.802948
344,0.803125
345,0.801818
346,0.793071
347,0.793605
348,0.795987
349,0.808821
350,0.797611
351,0.808154
352,0.808573
353,0.807992
354,0.808056
355,0.809394
356,0.809217
357,0.808706
358,0.813418
359,0.802311
360,0.804358
361,0.805257
362,0.805683
363,0.805749
364,0.806367
365,0.806448
366,0.806568
367,0.807449
368,0.802258
369,0.801382
370,0.801771
371,0.801794
372,0.79039
373,0.793309
374,0.7933
375,0.79379
376,0.794178
377,0.794461
378,0.794705
379,0.80126
380,0.789996
381,0.789303
382,0.789178
383,0.788809
384,0.788617
385,0.768802
386,0.76883
387,0.76934
388,0.777387
389,0.785977
390,0.78623
391,0.797824
392,0.797591
393,0.797939
394,0.810263
395,0.811529
396,0.814455
397,0.825212
398,0.825127
399,0.826482
400,0.824954
401,0.832451
402,0.843014
403,0.844265
404,0.844678
405,0.84473
406,0.835436
407,0.836024
408,0.836525
409,0.84115
410,0.841193
411,0.841052
412,0.842826
413,0.842904
414,0.843024
415,0.844911
416,0.844143
417,0.844096
418,0.843977
419,0.843861
420,0.844174
421,0.842899
422,0.842705
423,0.842809
424,0.842404
425,0.842302
426,0.841395
427,0.841498
428,0.84133
429,0.840905
430,0.840713
431,0.841019
432,0.841077
433,0.840521
434,0.840142
435,0.829379
436,0.829848
437,0.830153
438,0.830578
439,0.840327
440,0.840944
441,0.841004
442,0.826813
443,0.841233
444,0.841133
445,0.84162
446,0.841561
447,0.841931
448,0.841692
449,0.841741
450,0.841809
451,0.840494
452,0.840627
453,0.841331
454,0.842338
455,0.842428
456,0.842414
457,0.830989
458,0.83076
459,0.820823
460,0.820173
461,0.820241
462,0.820131
463,0.820195
464,0.822478
465,0.822766
466,0.830505
467,0.832063
468,0.833746
469,0.834986
470,0.835861
471,0.836583
472,0.844736
473,0.844925
474,0.844821
475,0.857319
476,0.857846
477,0.857461
478,0.858178
479,0.85871
480,0.858503
481,0.865906
482,0.866013
483,0.866286
484,0.867986
485,0.868321
486,0.868792
487,0.868209
488,0.868242
489,0.863517
490,0.864477
491,0.864609
492,0.864002
493,0.863308
494,0.863234
495,0.863894
496,0.859963
497,0.860206
498,0.860102
499,0.865077
500,0.86518
501,0.861179
502,0.836768
503,0.837017
504,0.837223
505,0.856169
506,0.855685
507,0.855626
508,0.853041
509,0.85252
510,0.852197
511,0.852684
512,0.852414
513,0.851987
514,0.851658
515,0.851313
516,0.850996
517,0.827251
518,0.826554
519,0.831629
520,0.831103
521,0.830994
522,0.83066
523,0.831332
524,0.826341
525,0.847386
526,0.846613
527,0.846377
528,0.845942
529,0.818507
530,0.81923
531,0.819219
532,0.819217
533,0.818972
534,0.818717
535,0.818521
536,0.819725
537,0.820062
538,0.820451
539,0.821656
540,0.821637
541,0.822271
542,0.844329
543,0.845525
544,0.84682
545,0.847314
546,0.847691
547,0.849007
548,0.84958
549,0.849812
550,0.851023
551,0.85174
552,0.850411
553,0.851674
554,0.851468
555,0.849114
556,0.847232
557,0.847048
558,0.846766
559,0.844669
560,0.845625
561,0.845627
562,0.844291
563,0.844893
564,0.844844
565,0.843914
566,0.843559
567,0.843418
568,0.842151
569,0.842476
570,0.842299
571,0.843167
572,0.842463
573,0.843056
574,0.844695
575,0.843987
576,0.843214
577,0.842331
578,0.842069
579,0.843118
580,0.851009
581,0.850794
582,0.84973
583,0.842285
584,0.842663
585,0.841609
586,0.842309
587,0.842562
588,0.842637
589,0.843732
590,0.844096
591,0.842949
592,0.843233
593,0.845248
594,0.845808
595,0.84628
596,0.846066
597,0.846163
598,0.84677
599,0.846756
600,0.846747
601,0.847143
602,0.847177
603,0.84717
604,0.823076
605,0.823366
606,0.823612
607,0.824567
608,0.824608
609,0.824864
610,0.825247
611,0.825389
612,0.825245
613,0.825731
614,0.826469
615,0.827373
616,0.828925
617,0.85055
618,0.850357
619,0.853684
620,0.854437
621,0.852478
622,0.849627
623,0.846709
624,0.847394
625,0.844657
626,0.844532
627,0.84535
628,0.845689
629,0.846088
630,0.840425
631,0.838135
632,0.838738
633,0.842435
634,0.843369
635,0.845227
636,0.846534
637,0.848976
638,0.851131
639,0.846207
640,0.837457
641,0.837433
642,0.837178
643,0.841551
644,0.84762
645,0.848358
646,0.85266
647,0.853507
648,0.854333
649,0.854449
650,0.854188
651,0.854483
652,0.85114
653,0.851725
654,0.851509
655,0.849514
656,0.849568
657,0.830491
658,0.831267
659,0.831419
660,0.831263
661,0.821657
662,0.821488
663,0.821051
664,0.845536
665,0.845492
666,0.845314
667,0.830205
668,0.829408
669,0.829708
670,0.831156
671,0.831048
672,0.843941
673,0.845198
674,0.845687
675,0.846126
676,0.848728
677,0.848915
678,0.849276
679,0.849789
680,0.827955
681,0.828174
682,0.827216
683,0.827047
684,0.827165
685,0.826352
686,0.824849
687,0.823874
688,0.823073
689,0.822968
690,0.822302
691,0.821387
692,0.836626
693,0.836585
694,0.837502
695,0.837041
696,0.836709
697,0.836059
698,0.835706
699,0.835511
700,0.839022
701,0.838749
702,0.83837
703,0.837998
704,0.837747
705,0.81874
706,0.81216
707,0.815987
708,0.816024
709,0.816965
710,0.811749
711,0.818932
712,0.810187
713,0.824949
714,0.826541
715,0.826201
716,0.827571
717,0.819837
718,0.833808
719,0.838883
720,0.840927
721,0.844927
722,0.850871
723,0.853714
724,0.859494
725,0.86063
726,0.862511
727,0.868196
728,0.868324
729,0.86991
730,0.872236
731,0.873495
732,0.87577
733,0.880527
734,0.871926
735,0.870574
736,0.849096
737,0.850317
738,0.84846
739,0.851616
740,0.861174
741,0.86391
742,0.843171
743,0.847284
744,0.854312
745,0.851809
746,0.866077
747,0.869904
748,0.856466
749,0.856511
750,0.843023
751,0.847223
752,0.853979
753,0.853784
754,0.856339
755,0.862847
756,0.868764
757,0.811019
758,0.808464
759,0.803017
760,0.761024
761,0.813421
762,0.803041
763,0.8066
764,0.802006
765,0.798847
766,0.787122
767,0.791336
768,0.791592
769,0.774089
770,0.813712
771,0.813838
772,0.770673
773,0.778959
774,0.790991
775,0.719249
776,0.721096
777,0.725534
778,0.702599
779,0.731166
780,0.710437
781,0.691943
782,0.685409
783,0.681945
784,0.645923
785,0.645135
786,0.640168
787,0.653476
788,0.651353
789,0.651854
790,0.649588
791,0.657896
792,0.66013
793,0.659325
794,0.664445
795,0.668874
796,0.795142
797,0.67723
798,0.68611
799,0.784691
800,0.703578
801,0.79122
802,0.7928
803,0.793972
804,0.785445
805,0.769789
806,0.765294
807,0.757597
808,0.722759
809,0.713758
810,0.711991
811,0.701338
812,0.689419
813,0.696947
814,0.697599
815,0.699165
816,0.697529
817,0.63254
818,0.630414
819,0.630041
820,0.648003
821,0.647956
822,0.643704
823,0.624049
824,0.599012
825,0.601471
826,0.625879
827,0.626242
828,0.639685
829,0.619637
830,0.619922
831,0.624881
832,0.624095
833,0.586483
834,0.588047
835,0.604575
836,0.592779
837,0.585754
838,0.606484
839,0.612809
840,0.616059
841,0.63746
842,0.637246
843,0.64498
844,0.607221
845,0.627252
846,0.655481
847,0.673907
848,0.666183
849,0.689913
850,0.683079
851,0.674868
852,0.672731
853,0.661347
854,0.655065
855,0.623973
856,0.607022
857,0.615664
858,0.633288
859,0.559433
860,0.551443
861,0.553077
862,0.550109
863,0.554951
864,0.557203
865,0.606891
866,0.608827
867,0.607657
868,0.467787
869,0.46152
870,0.454007
871,0.422436
872,0.401023
873,0.386973
874,0.354599
875,0.35867
876,0.371991
877,0.355843
878,0.356936
879,0.370924
880,0.3466
881,0.336751
882,0.335777
883,0.38439
884,0.387497
885,0.382682
886,0.377069
887,0.388586
888,0.380969
889,0.366452
890,0.363986
891,0.34403
892,0.329325
893,0.327202
894,0.326578
895,0.300143
896,0.301018
897,0.299072
898,0.301774
899,0.308293
900,0.308291
901,0.340442
902,0.349163
903,0.343956
904,0.317865
905,0.314951
906,0.312046
907,0.300486
908,0.29276
909,0.285884
910,0.294617
911,0.296795
912,0.291283
913,0.288572
914,0.287469
915,0.283415
916,0.284382
917,0.276315
918,0.274521
919,0.25028
920,0.24305
921,0.235464
922,0.211667
923,0.202987
924,0.189736
925,0.145537
926,0.149148
927,0.150206
928,0.180345
929,0.181343
930,0.184542
931,0.189903
932,0.176041
933,0.176855
934,0.210194
935,0.217352
936,0.223472
937,0.227681
938,0.240184
939,0.247209
940,0.265366
941,0.272448
942,0.277569
943,0.288203
944,0.285878
945,0.275067
946,0.276859
947,0.271315
948,0.267836
949,0.323843
950,0.339045
951,0.347588
952,0.353157
953,0.334259
954,0.332872
955,0.323536
956,0.313941
957,0.316503
958,0.310107
959,0.305533
960,0.292724
961,0.291944
962,0.295327
963,0.297726
964,0.283669
965,0.284227
966,0.279692
967,0.262273
968,0.229248
969,0.231758
970,0.212584
971,0.18162
972,0.168932
973,0.126109
974,0.105877
975,0.0896866
976,0.0551566
977,0.0492931
978,0.0395189
979,0.0217016
980,0.0164275
981,0
982,0
983,0
984,0
985,0
986,0
987,0
988,0
989,0
990,0
991,0
992,0
993,0
994,0
995,0
996,0
997,0
998,0
999,0
1000,0.0233712
1001,0.034618
1002,0.0610741
1003,0.109758
1004,0.122763
1005,0.139272
1006,0.180845
1007,0.202135
1008,0.217099
1009,0.246463
1010,0.248763
1011,0.270172
1012,0.306972
1013,0.303168
1014,0.303437
1015,0.303105
1016,0.285682
1017,0.294757
1018,0.291394
1019,0.266384
1020,0.290513
1021,0.256778
1022,0.20829
1023,0.218338
1024,0.157757
1025,0.1389
1026,0.145122
1027,0.114592
1028,0.0940161
1029,0.0808156
1030,0.0547262
1031,0.0542767
1032,0.0415638
1033,0.0233765
1034,0.0139521
1035,0
1036,0
1037,0
1038,0
1039,0
1040,0
1041,0
1042,0
1043,0
1044,0
1045,0
1046,0
1047,0
1048,0
1049,0
1050,0.0134295
1051,0.0349106
1052,0.0428816
1053,0.05825
1054,0.0885183
1055,0.100113
1056,0.110964
1057,0.148472
1058,0.159126
1059,0.171674
1060,0.2154
1061,0.22983
1062,0.242983
1063,0.276121
1064,0.281581
1065,0.294528
1066,0.296165
1067,0.295707
1068,0.296119
1069,0.287015
1070,0.283989
1071,0.280376
1072,0.269472
1073,0.266015
1074,0.260655
1075,0.249289
1076,0.24408
1077,0.256579
1078,0.257439
1079,0.255479
1080,0.250332
1081,0.238282
1082,0.231776
1083,0.224688
1084,0.204871
1085,0.195056
1086,0.188539
1087,0.152528
1088,0.141401
1089,0.132243
1090,0.104007
1091,0.0917294
1092,0.0827185
1093,0.0539375
1094,0.0427151
1095,0.0356431
1096,0.0240571
1097,0.0209521
1098,0.0155996
1099,0
1100,0
1101,0
1102,0
1103,0
1104,0
1105,0
1106,0
1107,0
1108,0
1109,0
1110,0
1111,0
1112,0
1113,0
1114,0
1115,0
1116,0
1117,0
1118,0
1119,0
1120,0
1121,0
1122,0
1123,0
1124,0
1125,0
1126,0
1127,0
1128,0
1129,0
1130,0
1131,0
1132,0
1133,0.0178862
1134,0.0274643
1135,0.0532707
1136,0.0586285
1137,0.06213
1138,0.0729039
1139,0.0756539
1140,0.0792763
1141,0.0870034
1142,0.0894841
1143,0.0924535
1144,0.0996177
1145,0.101788
1146,0.104255
1147,0.109952
1148,0.11252
1149,0.114768
1150,0.121257
1151,0.128542
1152,0.119538
1153,0.100776
1154,0.0939843
1155,0.0862317
1156,0.0706533
1157,0.0605515
1158,0.0645598
1159,0.0555987
1160,0.0532855
1161,0.017583
1162,0.0410592
1163,0.0321129
1164,0.0439788
1165,0.0383517
1166,0.0370891
1167,0.0239183
1168,0.0256823
1169,0.0267689
1170,0.0226694
1171,0.0158815
1172,0.0133002
1173,0
1174,0
1175,0
1176,0.0107972
1177,0.0124478
1178,0.0135504
1179,0.0140476
1180,0.0138207
1181,0.016454
1182,0.0146285
1183,0.0164614
1184,0.0206383
1185,0.0214196
1186,0.0198495
1187,0.0168855
1188,0.0166215
1189,0.0124627
1190,0.0106457
1191,0
1192,0.0431529
1193,0.0578747
1194,0.0646594
1195,0.0767585
1196,0.0804519
1197,0.0845906
1198,0.0934436
1199,0.0963526
1200,0.0991831
1201,0.106765
1202,0.109824
1203,0.112023
1204,0.0723898
1205,0.0688236
1206,0.0681939
1207,0.039151
1208,0.0299206
1209,0.019999
1210,0
1211,0
1212,0
1213,0
1214,0
1215,0
1216,0.0249148
1217,0.034266
1218,0.0380305
1219,0.0475089
1220,0.0503161
1221,0.0529229
1222,0.0594978
1223,0.0615862
1224,0.0627512
1225,0.0682458
1226,0.0704392
1227,0.0718502
1228,0.0628286
1229,0.0601211
1230,0.0522678
1231,0.0315808
1232,0.025801
1233,0.0218076
1234,0
1235,0
1236,0
1237,0
1238,0
1239,0
1240,0.0138143
1241,0.0148914
1242,0.0157565
1243,0.0186569
1244,0.0191096
1245,0.0200891
1246,0.0221076
1247,0.0226864
1248,0.0232027
1249,0.0259484
1250,0.0254141
1251,0.0229748
1252,0.014691
1253,0.0128168
1254,0.0265007
1255,0.0430119
1256,0.0503543
1257,0.052254
1258,0.0716594
1259,0.0752076
1260,0.0783042
1261,0.0876501
1262,0.0900014
1263,0.0929793
1264,0.100492
1265,0.10182
1266,0.104467
1267,0.110526
1268,0.112759
1269,0.11543
1270,0.114585
1271,0.110483
1272,0.0985968
1273,0.0785543
1274,0.0665772
1275,0.0573659
1276,0.0190714
1277,0.0127351
1278,0
1279,0
1280,0
1281,0
1282,0
1283,0
1284,0
1285,0
1286,0
1287,0
1288,0
1289,0
1290,0
1291,0
1292,0
1293,0
1294,0
1295,0
1296,0
1297,0
1298,0
1299,0
1300,0
1301,0
1302,0
1303,0
1304,0
1305,0
1306,0
1307,0
1308,0
1309,0
1310,0
1311,0
1312,0.019769
1313,0.0262113
1314,0.0327522
1315,0.0319719
1316,0.042007
1317,0.0480528
1318,0.0702134
1319,0.0816425
1320,0.0904584
1321,0.129937
1322,0.14217
1323,0.155499
1324,0.181582
1325,0.19342
1326,0.201395
1327,0.221558
1328,0.221323
1329,0.217506
1330,0.209513
1331,0.20048
1332,0.190461
1333,0.196894
1334,0.193894
1335,0.202563
1336,0.202095
1337,0.201387
1338,0.185987
1339,0.160289
1340,0.150029
1341,0.141755
1342,0.118718
1343,0.112756
1344,0.11834
1345,0.088653
1346,0.0858108
1347,0.0811845
1348,0.0664563
1349,0.0671009
1350,0.0678451
1351,0.0502387
1352,0.0701265
1353,0.0705855
1354,0.0535845
1355,0.0539788
1356,0.0556008
1357,0.0739089
1358,0.0741029
1359,0.0745174
1360,0.0748429
1361,0.0745673
1362,0.0751302
1363,0.0764373
1364,0.0899622
1365,0.0953062
1366,0.110309
1367,0.0963992
1368,0.0986954
1369,0.097647
1370,0.106754
1371,0.112315
1372,0.109919
1373,0.10706
1374,0.11076
1375,0.133716
1376,0.117305
1377,0.120662
1378,0.136694
1379,0.133593
1380,0.13475
1381,0.148468
1382,0.149069
1383,0.150108
1384,0.147343
1385,0.156751
1386,0.159333
1387,0.165624
1388,0.151168
1389,0.151838
1390,0.16577
1391,0.165471
1392,0.165395
1393,0.159837
1394,0.153998
1395,0.160159
1396,0.158399
1397,0.158189
1398,0.158775
1399,0.164726
1400,0.164762
1401,0.164773
1402,0.166138
1403,0.166312
1404,0.166259
1405,0.147491
1406,0.156811
1407,0.157523
1408,0.165589
1409,0.165787
1410,0.16775
1411,0.179095
1412,0.179525
1413,0.178059
1414,0.177931
1415,0.173385
1416,0.174097
1417,0.175256
1418,0.174361
1419,0.174084
1420,0.178564
1421,0.178977
1422,0.178139
1423,0.180158
1424,0.18066
1425,0.180424
1426,0.179812
1427,0.180482
1428,0.182303
1429,0.168469
1430,0.17744
1431,0.177941
1432,0.18147
1433,0.183187
1434,0.187193
1435,0.186961
1436,0.188772
1437,0.189222
1438,0.187206
1439,0.18619
1440,0.185748
1441,0.20114
1442,0.181082
1443,0.182154
1444,0.187102
1445,0.193473
1446,0.194446
1447,0.197333
1448,0.191815
1449,0.193685
1450,0.192085
1451,0.191133
1452,0.1905
1453,0.188452
1454,0.187625
1455,0.179881
1456,0.183563
1457,0.183328
1458,0.182368
1459,0.170404
1460,0.170791
1461,0.171654
1462,0.170497
1463,0.17046
1464,0.171464
1465,0.167293
1466,0.178706
1467,0.178781
1468,0.181081
1469,0.170267
1470,0.184131
1471,0.186017
1472,0.190905
1473,0.203142
1474,0.232586
1475,0.238655
1476,0.228446
1477,0.24267
1478,0.249892
1479,0.254703
1480,0.275452
1481,0.280207
1482,0.284234
1483,0.300397
1484,0.305495
1485,0.310563
1486,0.334775
1487,0.339151
1488,0.342408
1489,0.352651
1490,0.356494
1491,0.360538
1492,0.381595
1493,0.385494
1494,0.393197
1495,0.418733
1496,0.424941
1497,0.431702
1498,0.444195
1499,0.452911
1500,0.455128
1501,0.471796
1502,0.4737
1503,0.476145
1504,0.507856
1505,0.484024
1506,0.516146
1507,0.569264
1508,0.581847
1509,0.567528
1510,0.589919
1511,0.591256
1512,0.593064
1513,0.606411
1514,0.608298
1515,0.614712
1516,0.616204
1517,0.632896
1518,0.639197
1519,0.605298
1520,0.605514
1521,0.605738
1522,0.605669
1523,0.609872
1524,0.610153
1525,0.607583
1526,0.609265
1527,0.607405
1528,0.618277
1529,0.606339
1530,0.621822
1531,0.670832
1532,0.651946
1533,0.657942
1534,0.696323
1535,0.696786
1536,0.696954
1537,0.731233
1538,0.723667
1539,0.731115
1540,0.73822
1541,0.739862
1542,0.752024
1543,0.793826
1544,0.77568
1545,0.771108
1546,0.804639
1547,0.805937
1548,0.788092
1549,0.799713
1550,0.797516
1551,0.789899
1552,0.801271
1553,0.800161
1554,0.799092
1555,0.740532
1556,0.739618
1557,0.738953
1558,0.736201
1559,0.724044
1560,0.734856
1561,0.735053
1562,0.735355
1563,0.733796
1564,0.73202
1565,0.729923
1566,0.730993
1567,0.703331
1568,0.730727
1569,0.732314
1570,0.738974
1571,0.741433
1572,0.743565
1573,0.772833
1574,0.775452
1575,0.810415
1576,0.811565
1577,0.81155
1578,0.811929
1579,0.798773
1580,0.801022
1581,0.801086
1582,0.809605
1583,0.809615
1584,0.809592
1585,0.809762
1586,0.809735
1587,0.809588
1588,0.81044
1589,0.808904
1590,0.810021
1591,0.810831
1592,0.8053
1593,0.805605
1594,0.83015
1595,0.835475
1596,0.839906
1597,0.841079
1598,0.839708
1599,0.839207
1600,0.840293
1601,0.840318
1602,0.840619
1603,0.841268
1604,0.841621
1605,0.840071
1606,0.841975
1607,0.842197
1608,0.842123
1609,0.84569
1610,0.846125
1611,0.846318
1612,0.847804
1613,0.848489
1614,0.848629
1615,0.847783
1616,0.847803
1617,0.84901
1618,0.846736
1619,0.84647
1620,0.846323
1621,0.847372
1622,0.847771
1623,0.847848
1624,0.848188
1625,0.849258
1626,0.84925
1627,0.848737
1628,0.848749
1629,0.848843
1630,0.848486
1631,0.849012
1632,0.849228
1633,0.849353
1634,0.848531
1635,0.848553
1636,0.849231
1637,0.848689
1638,0.850592
1639,0.849101
1640,0.848073
1641,0.848026
1642,0.835072
1643,0.835809
1644,0.835608
1645,0.842728
1646,0.842914
1647,0.844659
1648,0.877851
1649,0.877086
1650,0.877015
1651,0.877436
1652,0.877542
1653,0.877699
1654,0.834878
1655,0.835003
1656,0.834894
1657,0.837162
1658,0.837423
1659,0.837038
1660,0.838447
1661,0.83878
1662,0.839274
1663,0.858239
1664,0.8585
1665,0.858626
1666,0.857346
1667,0.857004
1668,0.857571
1669,0.858833
1670,0.859146
1671,0.859647
1672,0.866832
1673,0.860635
1674,0.86045
1675,0.867865
1676,0.861808
1677,0.868557
1678,0.845797
1679,0.845776
1680,0.849869
1681,0.849065
1682,0.849037
1683,0.847425
1684,0.845322
1685,0.8452
1686,0.845241
1687,0.844504
1688,0.84333
1689,0.843224
1690,0.842533
1691,0.842788
1692,0.842835
1693,0.87019
1694,0.870546
1695,0.870592
1696,0.870569
1697,0.870878
1698,0.835609
1699,0.845
1700,0.878142
1701,0.87818
1702,0.878751
1703,0.878737
1704,0.878696
1705,0.84587
1706,0.872472
1707,0.872401
1708,0.872427
1709,0.872335
1710,0.87241
1711,0.872308
1712,0.872303
1713,0.872372
1714,0.872128
1715,0.879081
1716,0.879182
1717,0.81629
1718,0.816282
1719,0.816356
1720,0.816464
1721,0.816552
1722,0.816556
1723,0.817148
1724,0.817343
1725,0.817443
1726,0.817914
1727,0.818153
1728,0.818424
1729,0.839223
1730,0.822545
1731,0.839375
1732,0.850332
1733,0.850239
1734,0.849501
1735,0.880684
1736,0.879716
1737,0.882983
1738,0.843894
1739,0.84383
1740,0.844029
1741,0.844257
1742,0.809007
1743,0.82591
1744,0.840494
1745,0.856979
1746,0.857186
1747,0.840651
1748,0.840792
1749,0.840687
1750,0.841669
1751,0.841529
1752,0.857777
1753,0.830526
1754,0.830477
1755,0.843128
1756,0.843909
1757,0.84404
1758,0.84402
1759,0.84498
1760,0.845125
1761,0.845246
1762,0.845474
1763,0.845433
1764,0.8454
1765,0.84575
1766,0.845736
1767,0.845711
1768,0.84227
1769,0.842333
1770,0.842301
1771,0.843069
1772,0.843936
1773,0.844749
1774,0.846987
1775,0.847282
1776,0.847297
1777,0.847804
1778,0.847915
1779,0.847978
1780,0.882011
1781,0.881891
1782,0.881839
1783,0.822348
1784,0.849762
1785,0.84982
1786,0.849961
1787,0.850158
1788,0.85026
1789,0.851029
1790,0.851146
1791,0.86751
1792,0.867571
1793,0.867565
1794,0.867506
1795,0.86861
1796,0.868658
1797,0.815626
1798,0.815762
1799,0.815787
1800,0.844717
1801,0.814589
1802,0.815342
1803,0.81576
1804,0.834473
1805,0.83468
1806,0.834873
1807,0.837054
1808,0.839023
1809,0.839875
1810,0.850256
1811,0.850661
1812,0.850784
1813,0.850874
1814,0.850803
1815,0.85095
1816,0.852032
1817,0.852247
1818,0.855147
1819,0.856569
1820,0.856318
1821,0.856502
1822,0.830201
1823,0.829672
1824,0.829848
1825,0.848813
1826,0.848846
1827,0.848404
1828,0.843631
1829,0.843958
1830,0.843977
1831,0.843622
1832,0.843721
1833,0.843452
1834,0.810338
1835,0.810867
1836,0.81166
1837,0.811435
1838,0.811581
1839,0.811483
1840,0.817824
1841,0.817961
1842,0.818184
1843,0.819007
1844,0.819166
1845,0.840018
1846,0.837585
1847,0.837696
1848,0.838226
1849,0.812676
1850,0.812604
1851,0.814863
1852,0.81508
1853,0.814899
1854,0.817263
1855,0.817111
1856,0.817617
1857,0.817645
1858,0.822114
1859,0.838835
1860,0.838898
1861,0.839041
1862,0.838986
1863,0.839171
1864,0.839344
1865,0.839304
1866,0.839276
1867,0.839635
1868,0.839714
1869,0.839759
1870,0.840764
1871,0.840579
1872,0.84041
1873,0.840555
1874,0.840729
1875,0.839626
1876,0.839492
1877,0.839833
1878,0.839549
1879,0.839824
1880,0.840067
1881,0.84042
1882,0.840328
1883,0.840554
1884,0.840728
1885,0.839772
1886,0.83921
1887,0.83912
1888,0.8386
1889,0.838134
1890,0.838409
1891,0.838088
1892,0.838147
1893,0.839143
1894,0.840079
1895,0.839208
1896,0.840381
1897,0.880528
1898,0.88019
1899,0.879953
1900,0.878294
1901,0.877491
1902,0.877267
1903,0.879137
1904,0.879444
1905,0.822068
1906,0.822437
1907,0.819972
1908,0.820466
1909,0.834707
1910,0.836009
1911,0.835972
1912,0.836614
1913,0.836595
1914,0.836888
1915,0.83758
1916,0.837726
1917,0.838215
1918,0.848114
1919,0.848342
1920,0.848613
1921,0.846372
1922,0.846614
1923,0.847056
1924,0.846132
1925,0.845138
1926,0.845176
1927,0.844188
1928,0.844504
1929,0.844118
1930,0.846307
1931,0.847031
1932,0.848566
1933,0.834847
1934,0.843135
1935,0.843414
1936,0.846663
1937,0.846914
1938,0.83101
1939,0.832747
1940,0.834081
1941,0.833736
1942,0.858647
1943,0.857271
1944,0.836088
1945,0.851587
1946,0.85187
1947,0.849794
1948,0.850753
1949,0.846861
1950,0.8473
1951,0.847454
1952,0.847449
1953,0.847259
1954,0.84739
1955,0.847173
1956,0.847293
1957,0.847121
1958,0.847076
1959,0.847047
1960,0.845653
1961,0.845694
1962,0.845839
1963,0.846029
1964,0.846063
1965,0.846436
1966,0.846561
1967,0.847783
1968,0.847688
1969,0.847824
1970,0.847976
1971,0.848025
1972,0.842603
1973,0.842487
1974,0.842328
1975,0.844408
1976,0.844566
1977,0.844684
1978,0.845357
1979,0.845481
1980,0.84551
1981,0.845626
1982,0.84557
1983,0.845799
1984,0.841824
1985,0.841463
1986,0.841617
1987,0.841871
1988,0.841586
1989,0.841668
1990,0.841536
1991,0.840883
1992,0.841894
1993,0.842303
1994,0.842274
1995,0.842256
1996,0.840264
1997,0.841122
1998,0.841253
1999,0.841488
2000,0.841601
2001,0.841592
2002,0.841553
2003,0.84155
2004,0.841552
2005,0.842972
2006,0.842999
2007,0.843948
2008,0.84462
2009,0.842254
2010,0.842369
2011,0.843532
2012,0.843504
2013,0.844396
2014,0.842893
2015,0.843906
2016,0.843927
2017,0.843535
2018,0.843602
2019,0.843626
2020,0.843287
2021,0.843088
2022,0.841816
2023,0.841996
2024,0.841744
2025,0.84185
2026,0.8421
2027,0.842299
2028,0.842765
2029,0.842829
2030,0.842898
2031,0.842691
2032,0.843257
2033,0.843446
2034,0.843568
2035,0.845093
2036,0.845033
2037,0.845304
2038,0.843859
2039,0.844122
2040,0.845333
2041,0.845498
2042,0.845619
2043,0.845654
2044,0.845911
2045,0.845952
2046,0.845918
2047,0.844293
2048,0.844612
2049,0.844448
2050,0.844301
2051,0.844882
2052,0.845583
2053,0.846645
2054,0.845674
2055,0.845833
2056,0.847314
2057,0.847414
2058,0.847764
2059,0.845067
2060,0.845003
2061,0.84573
2062,0.845849
2063,0.846055
2064,0.846656
2065,0.849118
2066,0.8489
2067,0.849034
2068,0.850163
2069,0.849583
2070,0.849958
2071,0.848096
2072,0.846721
2073,0.848269
2074,0.851355
2075,0.891598
2076,0.892949
2077,0.897254
2078,0.896623
2079,0.896035
2080,0.900202
2081,0.901884
2082,0.903758
2083,0.910379
2084,0.908432
2085,0.911931
2086,0.923095
2087,0.924898
2088,0.925447
2089,0.939298
2090,0.940317
2091,0.91611
2092,0.925944
2093,0.927472
2094,0.930991
2095,0.920074
2096,0.912905
2097,0.917093
2098,0.919057
2099,0.910051
2100,0.913794
2101,0.902966
2102,0.916012
2103,0.922091
2104,0.9567
2105,0.958781
2106,0.96512
2107,0.94853
2108,0.948532
2109,0.951393
2110,0.968254
2111,0.967816
2112,0.96298
2113,0.946265
2114,0.91267
2115,0.913061
2116,0.89815
2117,0.895594
2118,0.88615
2119,0.86663
2120,0.815318
2121,0.775361
2122,0.783045
2123,0.77821
2124,0.726739
2125,0.739834
2126,0.74345
2127,0.79861
2128,0.789764
2129,0.708803
2130,0.734522
2131,0.708857
2132,0.706233
2133,0.708176
2134,0.72863
2135,0.726145
2136,0.730087
2137,0.720317
2138,0.719736
2139,0.730688
2140,0.67235
2141,0.672068
2142,0.669751
2143,0.656616
2144,0.652864
2145,0.656793
2146,0.639836
2147,0.645735
2148,0.650817
2149,0.745791
2150,0.746268
2151,0.750633
2152,0.745161
2153,0.738653
2154,0.736552
2155,0.746751
2156,0.766946
2157,0.769774
2158,0.727332
2159,0.68289
2160,0.69482
2161,0.678739
2162,0.685118
2163,0.671435
2164,0.666339
2165,0.679439
2166,0.649314
2167,0.633013
2168,0.632991
2169,0.628788
2170,0.620147
2171,0.612371
2172,0.613509
2173,0.605811
2174,0.604747
2175,0.606112
2176,0.5816
2177,0.595158
2178,0.593454
2179,0.572308
2180,0.570972
2181,0.569333
2182,0.566939
2183,0.569186
2184,0.589821
2185,0.561101
2186,0.557692
2187,0.552354
2188,0.541112
2189,0.538381
2190,0.540321
2191,0.531755
2192,0.530784
2193,0.51206
2194,0.500689
2195,0.493147
2196,0.492274
2197,0.47302
2198,0.465954
2199,0.459778
2200,0.447651
2201,0.435248
2202,0.43875
2203,0.436788
2204,0.451262
2205,0.453759
2206,0.450584
2207,0.444824
2208,0.452483
2209,0.477717
2210,0.478415
2211,0.453987
2212,0.43614
2213,0.440397
2214,0.458637
2215,0.470277
2216,0.488849
2217,0.486437
2218,0.478322
2219,0.471758
2220,0.480199
2221,0.45322
2222,0.456858
2223,0.46059
2224,0.475547
2225,0.476837
2226,0.460859
2227,0.468855
2228,0.468251
2229,0.45831
2230,0.436395
2231,0.433958
2232,0.437044
2233,0.457073
2234,0.44728
2235,0.44953
2236,0.450474
2237,0.430881
2238,0.435414
2239,0.435111
2240,0.420589
2241,0.416921
2242,0.432153
2243,0.432979
2244,0.406053
2245,0.409777
2246,0.42
2247,0.390406
2248,0.463012
2249,0.465265
2250,0.484594
2251,0.528573
2252,0.530414
2253,0.544303
2254,0.584532
2255,0.585378
2256,0.607928
2257,0.628433
2258,0.625486
2259,0.615992
2260,0.619193
2261,0.617918
2262,0.650071
2263,0.696567
2264,0.699347
2265,0.710796
2266,0.69975
2267,0.69785
2268,0.687384
2269,0.65892
2270,0.653267
2271,0.645411
2272,0.576865
2273,0.572864
2274,0.571359
2275,0.576006
2276,0.57525
2277,0.576715
2278,0.606642
2279,0.606742
2280,0.610914
2281,0.590169
2282,0.586889
2283,0.589945
2284,0.559354
2285,0.537126
2286,0.522567
2287,0.522385
2288,0.519996
2289,0.508992
2290,0.480513
2291,0.492897
2292,0.517496
2293,0.469397
2294,0.471802
2295,0.518406
2296,0.501019
2297,0.501693
2298,0.501863
2299,0.466613
2300,0.461877
2301,0.465941
2302,0.463864
2303,0.462214
2304,0.474246
2305,0.41067
2306,0.407922
2307,0.422996
2308,0.400053
2309,0.366275
2310,0.363205
2311,0.353816
2312,0.350311
2313,0.343255
2314,0.363042
2315,0.364018
2316,0.368729
2317,0.394299
2318,0.398061
2319,0.411193
2320,0.448683
2321,0.450386
2322,0.435091
2323,0.458862
2324,0.457002
2325,0.420276
2326,0.413181
2327,0.411131
2328,0.401941
2329,0.382784
2330,0.382795
2331,0.351992
2332,0.349758
2333,0.346542
2334,0.334543
2335,0.311155
2336,0.30439
2337,0.28078
2338,0.268647
2339,0.267262
2340,0.276449
2341,0.282092
2342,0.283002
2343,0.282413
2344,0.296092
2345,0.286508
2346,0.295613
2347,0.278438
2348,0.279418
2349,0.266062
2350,0.274828
2351,0.264599
2352,0.277368
2353,0.282367
2354,0.309603
2355,0.324729
2356,0.36692
2357,0.37155
2358,0.386291
2359,0.377281
2360,0.379077
2361,0.38144
2362,0.405616
2363,0.406057
2364,0.400186
2365,0.374787
2366,0.364495
2367,0.364731
2368,0.343321
2369,0.347144
2370,0.348188
2371,0.352646
2372,0.346465
2373,0.348827
2374,0.298836
2375,0.293873
2376,0.282784
2377,0.24748
2378,0.229562
2379,0.224124
2380,0.193332
2381,0.188418
2382,0.171421
2383,0.141037
2384,0.135012
2385,0.118127
2386,0.081018
2387,0.0759465
2388,0.0613657
2389,0.0275036
2390,0.026524
2391,0.022909
2392,0
2393,0
2394,0
2395,0
2396,0
2397,0
2398,0
2399,0
2400,0
2401,0
2402,0
2403,0
2404,0
2405,0
2406,0
2407,0
2408,0
2409,0
2410,0
2411,0
2412,0
2413,0
2414,0
2415,0
2416,0
2417,0
2418,0
2419,0
2420,0
2421,0
2422,0
2423,0
2424,0
2425,0
2426,0
2427,0
2428,0
2429,0
2430,0
2431,0
2432,0
2433,0
2434,0
2435,0
2436,0
2437,0
2438,0
2439,0
2440,0
2441,0
2442,0
2443,0
2444,0
2445,0
2446,0
2447,0
2448,0
2449,0
2450,0
2451,0
2452,0
2453,0
2454,0
2455,0
2456,0
2457,0
2458,0.0262452
2459,0.0356357
2460,0.0389136
2461,0.0482977
2462,0.0509236
2463,0.0706141
2464,0.108003
2465,0.113825
2466,0.118376
2467,0.128708
2468,0.132148
2469,0.135796
2470,0.144308
2471,0.141394
2472,0.13901
2473,0.12934
2474,0.12377
2475,0.116648
2476,0.107415
2477,0.102777
2478,0.088865
2479,0.0691776
2480,0.0613127
2481,0.0533512
2482,0.0432685
2483,0.0449668
2484,0.0492751
2485,0.0599759
2486,0.0717972
2487,0.0844825
2488,0.108219
2489,0.11278
2490,0.116333
2491,0.127341
2492,0.12966
2493,0.13297
2494,0.142532
2495,0.145458
2496,0.14896
2497,0.135415
2498,0.120028
2499,0.116983
2500,0.108856
2501,0.103806
2502,0.0980297
2503,0.0521098
2504,0.0514282
2505,0.0455456
2506,0.0284333
2507,0.0166279
2508,0.0159081
2509,0
2510,0
2511,0
2512,0.0128952
2513,0.0138302
2514,0.014691
2515,0.0176032
2516,0.0179901
2517,0.0184873
2518,0.0204814
2519,0.0217217
2520,0.0221786
2521,0.02483
2522,0.0251883
2523,0.0351724
2524,0.0484652
2525,0.0525646
2526,0.0573627
2527,0.0683497
2528,0.0777487
2529,0.086273
2530,0.119319
2531,0.129289
2532,0.145267
2533,0.158891
2534,0.190157
2535,0.195719
2536,0.194455
2537,0.195606
2538,0.20678
2539,0.194149
2540,0.193208
2541,0.190178
2542,0.159497
2543,0.146867
2544,0.129857
2545,0.123187
2546,0.116324
2547,0.111354
2548,0.0811304
2549,0.0768454
2550,0.0699208
2551,0.0647496
2552,0.0503161
2553,0.0610434
2554,0.0473457
2555,0.0436936
2556,0.0423441
2557,0.0186453
2558,0
2559,0
2560,0
2561,0
2562,0
2563,0
2564,0
2565,0
2566,0
2567,0
2568,0
2569,0
2570,0
2571,0
2572,0
2573,0
2574,0
2575,0
2576,0
2577,0
2578,0
2579,0
2580,0
2581,0
2582,0
2583,0
2584,0
2585,0
2586,0
2587,0
2588,0
2589,0
2590,0
2591,0
2592,0
2593,0
2594,0
2595,0
2596,0
2597,0
2598,0
2599,0
2600,0
2601,0
2602,0
2603,0
2604,0
2605,0
2606,0
2607,0
2608,0
2609,0
2610,0
2611,0
2612,0
2613,0
2614,0
2615,0
2616,0
2617,0
2618,0
2619,0
2620,0
2621,0
2622,0
2623,0
2624,0
2625,0
2626,0
2627,0
2628,0
2629,0.0364721
2630,0.041037
2631,0.0489761
2632,0.0605462
2633,0.0615576
2634,0.064458
2635,0.0712268
2636,0.072164
2637,0.0736746
2638,0.0782384
2639,0.0791183
2640,0.0800025
2641,0.0833959
2642,0.0841009
2643,0.0845535
2644,0.104383
2645,0.10757
2646,0.125388
2647,0.158303
2648,0.160871
2649,0.167191
2650,0.180465
2651,0.181539
2652,0.184835
2653,0.193996
2654,0.194733
2655,0.195673
2656,0.199241
2657,0.198634
2658,0.196942
2659,0.188364
2660,0.18897
2661,0.189274
2662,0.193795
2663,0.193908
2664,0.194412
2665,0.224944
2666,0.227075
2667,0.232463
2668,0.238176
2669,0.23907
2670,0.240754
2671,0.246635
2672,0.247581
2673,0.249209
2674,0.243935
2675,0.254763
2676,0.268238
2677,0.289786
2678,0.293148
2679,0.284158
2680,0.297672
2681,0.297626
2682,0.297608
2683,0.309064
2684,0.307665
2685,0.308697
2686,0.317861
2687,0.331677
2688,0.333095
2689,0.337538
2690,0.338757
2691,0.321867
2692,0.337097
2693,0.328964
2694,0.334147
2695,0.350753
2696,0.352693
2697,0.358047
2698,0.361968
2699,0.362031
2700,0.362723
2701,0.370117
2702,0.370464
2703,0.378605
2704,0.378865
2705,0.378917
2706,0.379362
2707,0.385862
2708,0.397968
2709,0.404321
2710,0.422242
2711,0.423633
2712,0.426016
2713,0.433164
2714,0.433067
2715,0.433889
2716,0.451692
2717,0.458776
2718,0.46266
2719,0.47369
2720,0.486688
2721,0.491256
2722,0.501322
2723,0.502106
2724,0.503755
2725,0.516839
2726,0.517998
2727,0.517267
2728,0.503261
2729,0.502309
2730,0.503409
2731,0.495016
2732,0.486889
2733,0.477641
2734,0.468435
2735,0.468552
2736,0.470135
2737,0.470515
2738,0.469502
2739,0.467413
2740,0.493943
2741,0.499361
2742,0.503641
2743,0.524828
2744,0.527744
2745,0.538104
2746,0.563529
2747,0.565505
2748,0.57131
2749,0.598637
2750,0.602167
2751,0.605259
2752,0.622478
2753,0.623448
2754,0.626595
2755,0.631063
2756,0.63059
2757,0.627921
2758,0.626942
2759,0.646086
2760,0.646106
2761,0.67052
2762,0.671809
2763,0.677672
2764,0.697741
2765,0.70508
2766,0.711036
2767,0.720798
2768,0.721917
2769,0.735584
2770,0.750625
2771,0.752391
2772,0.756533
2773,0.76166
2774,0.762696
2775,0.762144
2776,0.766001
2777,0.778745
2778,0.781837
2779,0.792924
2780,0.793218
2781,0.79868
2782,0.834216
2783,0.83391
2784,0.837999
2785,0.831949
2786,0.835803
2787,0.839926
2788,0.84747
2789,0.848288
2790,0.850017
2791,0.857324
2792,0.857061
2793,0.897591
2794,0.898843
2795,0.8994
2796,0.897967
2797,0.875759
2798,0.880149
2799,0.878665
2800,0.879124
2801,0.879662
2802,0.879189
2803,0.88347
2804,0.88444
2805,0.890525
2806,0.890629
2807,0.890478
2808,0.8904
2809,0.881147
2810,0.881419
2811,0.881971
2812,0.88188
2813,0.881795
2814,0.882206
2815,0.879816
2816,0.879395
2817,0.881339
2818,0.883096
2819,0.882307
2820,0.882035
2821,0.883554
2822,0.883251
2823,0.883664
2824,0.883824
2825,0.881196
2826,0.869585
2827,0.868778
2828,0.868852
2829,0.875398
2830,0.876258
2831,0.876218
2832,0.876863
2833,0.877271
2834,0.873869
2835,0.874317
2836,0.877763
2837,0.878173
2838,0.878291
2839,0.878953
2840,0.879134
2841,0.879216
2842,0.880924
2843,0.882201
2844,0.887701
2845,0.882297
2846,0.881574
2847,0.863243
2848,0.871281
2849,0.871132
2850,0.871577
2851,0.876657
2852,0.876873
2853,0.877493
2854,0.878551
2855,0.8767
2856,0.877858
2857,0.878907
2858,0.879168
2859,0.880248
2860,0.884425
2861,0.88485
2862,0.885183
2863,0.88603
2864,0.886159
2865,0.886804
2866,0.887121
2867,0.887431
2868,0.887545
63103989