frame,dynamic density
1,0.0864766
2,0.11894
3,0.0957833
4,0.101635
5,0.0470118
6,0.067068
7,0.0523632
8,0.0566312
9,0.0532516
10,0.0686995
11,0.102159
12,0.0905728
13,0.0868805
14,0.079342
15,0.086114
16,0.0741453
17,0.0559103
18,0.0658266
19,0.047299
20,0.0483528
21,0.0501041
22,0.021744
23,0.0216019
24,0.0188297
25,0.0216274
26,0.024884
27,0.0251607
28,0.0416624
29,0.0451057
30,0.0698381
31,0.0551926
32,0.0564828
33,0.0539576
34,0.0480454
35,0.0899569
36,0.0768889
37,0.067508
38,0.0861013
39,0.113929
40,0.113063
41,0.110768
42,0.111536
43,0.100941
44,0.0992075
45,0.111576
46,0.128012
47,0.128809
48,0.106225
49,0.0700183
50,0.0685363
51,0.072058
52,0.0740181
53,0.0520706
54,0.0732866
55,0.0796388
56,0.0586921
57,0.0781027
58,0.0583952
59,0.0507359
60,0.0468697
61,0.0480623
62,0.0669694
63,0.06511
64,0.0526251
65,0.0446265
66,0.0163395
67,0.0177018
68,0.0270509
69,0.0173116
70,0.0174463
71,0
72,0
73,0.0217365
74,0.0189909
75,0.0176657
76,0.0174113
77,0.0200276
78,0.0169374
79,0.0151946
80,0
81,0
82,0.0152677
83,0
84,0
85,0
86,0
87,0
88,0
89,0
90,0
91,0
92,0
93,0
94,0
95,0.0171431
96,0
97,0
98,0
99,0
100,0
101,0
102,0
103,0
104,0.0165992
105,0.0157087
106,0.0157586
107,0
108,0
109,0.0148819
110,0
111,0.0148744
112,0
113,0.0176551
114,0.0171229
115,0
116,0.0190258
117,0.0197234
118,0.0220853
119,0.0213369
120,0.0218309
121,0.0217874
122,0.0213093
123,0.0196142
124,0.0190905
125,0.0189166
126,0.01894
127,0.0173975
128,0.0154109
129,0.0187958
130,0.0449223
131,0.0335017
132,0.0369714
133,0.0384164
134,0.0408154
135,0.0414578
136,0.058197
137,0.073135
138,0.0883445
139,0.104007
140,0.128226
141,0.142774
142,0.158364
143,0.166691
144,0.182058
145,0.192571
146,0.202447
147,0.211282
148,0.223298
149,0.228869
150,0.236245
151,0.241825
152,0.244191
153,0.245122
154,0.244852
155,0.240726
156,0.243037
157,0.240389
158,0.246805
159,0.242003
160,0.239529
161,0.243062
162,0.223076
163,0.238364
164,0.239007
165,0.215524
166,0.148246
167,0.0152137
168,0.0306267
169,0.0416327
170,0.0538717
171,0.0584949
172,0.0792837
173,0.0660705
174,0.0689624
175,0.0738527
176,0.0784377
177,0.102284
178,0.0814156
179,0.0787102
180,0.0817082
181,0.082711
182,0.090294
183,0.0893431
184,0.0849553
185,0.0856052
186,0.0794798
187,0.126161
188,0.310066
189,0.295228
190,0.027828
191,0
192,0.0180834
193,0.0191255
194,0.0514186
195,0.0435749
196,0.0678578
197,0.0587907
198,0.0618152
199,0.0623261
200,0.063911
201,0.0810658
202,0.0825001
203,0.0839503
204,0.0891184
205,0.11773
206,0.123828
207,0.136375
208,0.0824354
209,0.0988809
210,0.121936
211,0.0873512
212,0.106592
213,0.108261
214,0.0585829
215,0.0567892
216,0.0563238
217,0.0577899
218,0.0577899
219,0.0588893
220,0.0749701
221,0.0778897
222,0.080505
223,0.0846224
224,0.0859168
225,0.0888904
226,0.0921747
227,0.093556
228,0.0972823
229,0.0976014
230,0.101478
231,0.102509
232,0.122232
233,0.1239
234,0.103414
235,0.104704
236,0.105241
237,0.119052
238,0.061812
239,0.064634
240,0.102593
241,0.0572122
242,0.103254
243,0.0998266
244,0.0707805
245,0.0665878
246,0
247,0
248,0.060965
249,0
250,0.0163745
251,0
252,0
253,0.0371092
254,0.0208037
255,0
256,0
257,0
258,0.0235228
259,0
260,0.0185127
261,0
262,0
263,0
264,0
265,0.0176064
266,0.0212129
267,0.0313645
268,0.0343455
269,0.0374951
270,0.0417589
271,0.0638697
272,0.0662093
273,0.0731372
274,0.0206139
275,0.0419402
276,0.045676
277,0.0245352
278,0.0223525
279,0.0287481
280,0.0215807
281,0.0180516
282,0.0469026
283,0.0169554
284,0.020369
285,0.0220005
286,0.0177951
287,0.0174049
288,0.0418914
289,0.0312553
290,0.0288022
291,0.0203298
292,0.029593
293,0.0208832
294,0
295,0.0179191
296,0.0154575
297,0.016966
298,0.0161657
299,0.0229483
300,0.0170996
301,0.0219836
302,0.0594744
303,0.0163544
304,0.0148819
305,0.0149084
306,0
307,0
308,0
309,0
310,0
311,0.015836
312,0
313,0.0162261
314,0.0209701
315,0.0275778
316,0.0272322
317,0.0228539
318,0.0309214
319,0.023102
320,0.0192198
321,0.0267413
322,0.0212733
323,0.0163363
324,0.0156006
325,0.0180293
326,0
327,0.0187184
328,0
329,0
330,0
331,0
332,0
333,0
334,0.0163978
335,0.0402938
336,0.0155625
337,0.027265
338,0.0254862
339,0.0295602
340,0.0273202
341,0.0254597
342,0.0281672
343,0.0255159
344,0.0306669
345,0.0406267
346,0.0380729
347,0.0246434
348,0.025131
349,0.023543
350,0.0394129
351,0.0198432
352,0.0348544
353,0.019293
354,0.0219168
355,0.0272502
356,0.0218383
357,0.0288849
358,0.0190937
359,0.0178417
360,0.0173159
361,0.0178406
362,0.0219465
363,0.0178671
364,0.0207114
365,0.0163014
366,0.0186643
367,0.019981
368,0.0180134
369,0.0185986
370,0.0204209
371,0.0213199
372,0.0213475
373,0.0222783
374,0.0208143
375,0.0203658
376,0.0215245
377,0.024654
378,0.0265039
379,0.028041
380,0.022838
381,0.0196714
382,0
383,0.0172152
384,0.021392
385,0.0248437
386,0.0222878
387,0.0251268
388,0.0224235
389,0.0216125
390,0.0209192
391,0.0227627
392,0.0220578
393,0.0242713
394,0.0264859
395,0.0250717
396,0.0274368
397,0.0233924
398,0.0195538
399,0.0193418
400,0.0160787
401,0
402,0
403,0
404,0.0571072
405,0
406,0
407,0
408,0
409,0
410,0
411,0
412,0.0182361
413,0
414,0.0191276
415,0
416,0.0174887
417,0.0164423
418,0.0179286
419,0
420,0.0168091
421,0
422,0
423,0
424,0
425,0
426,0.0168399
427,0.0238589
428,0.0182424
429,0.021127
430,0.0182594
431,0
432,0.0217556
433,0.0223005
434,0.0166257
435,0
436,0
437,0.0154946
438,0
439,0
440,0
441,0
442,0
443,0
444,0
445,0.0279912
446,0.0352784
447,0.0361138
448,0.0370382
449,0.0340837
450,0.0300881
451,0.034424
452,0.0334646
453,0.0346689
454,0.0378492
455,0
456,0.0298538
457,0.0181173
458,0.0167604
459,0.0177124
460,0.0178035
461,0.0181947
462,0.0164582
463,0
464,0
465,0
466,0
467,0
468,0
469,0
470,0
471,0
472,0.0185626
473,0.044988
474,0.0808399
475,0.0556421
476,0.0752659
477,0.150502
478,0.140667
479,0.123982
480,0.160221
481,0.216348
482,0.312208
483,0.20617
484,0.27334
485,0.0746722
486,0.0453771
487,0.300369
488,0.0849203
489,0.26962
490,0.279343
491,0.288936
492,0.323034
493,0.416725
494,0.379683
495,0.402896
496,0.459768
497,0.389401
498,0.373484
499,0.395454
500,0.513109
501,0.625204
502,0.528803
503,0.545707
504,0.558585
505,0.596468
506,0.567403
507,0.581832
508,0.524509
509,0.5568
510,0.554353
511,0.561855
512,0.559144
513,0.539152
514,0.562183
515,0.545322
516,0.551014
517,0.561493
518,0.605488
519,0.582373
520,0.598284
521,0.575213
522,0.587496
523,0.582557
524,0.590512
525,0.584143
526,0.61825
527,0.605079
528,0.591717
529,0.604488
530,0.604953
531,0.618414
532,0.610622
533,0.620352
534,0.611771
535,0.617901
536,0.632086
537,0.596648
538,0.568295
539,0.544347
540,0.5113
541,0.490097
542,0.410792
543,0.492646
544,0.59638
545,0.522881
546,0.529365
547,0.543708
548,0.572661
549,0.559663
550,0.567275
551,0.576373
552,0.566756
553,0.578496
554,0.542497
555,0.494672
556,0.525317
557,0.514191
558,0.486981
559,0.517197
560,0.472485
561,0.52481
562,0.492811
563,0.465553
564,0.485398
565,0.500146
566,0.505786
567,0.472232
568,0.569652
569,0.572527
570,0.540974
571,0.379478
572,0.549715
573,0.534646
574,0.493284
575,0.468472
576,0.509132
577,0.518701
578,0.500777
579,0.517368
580,0.557035
581,0.515213
582,0.477105
583,0.426859
584,0.471184
585,0.483939
586,0.480582
587,0.476225
588,0.408676
589,0.450687
590,0.396135
591,0.457395
592,0.439243
593,0.436059
594,0.400469
595,0.395319
596,0.352225
597,0.361864
598,0.361593
599,0.367416
600,0.398133
601,0.40334
602,0.434098
603,0.420566
604,0.416244
605,0.354327
606,0.366743
607,0.397169
608,0.399781
609,0.366872
610,0.377295
611,0.394638
612,0.343063
613,0.364063
614,0.317254
615,0.28019
616,0.268543
617,0.21063
618,0.169769
619,0.186791
620,0.196666
621,0.206311
622,0.179991
623,0.186135
624,0.248267
625,0.29459
626,0.26273
627,0.307181
628,0.362652
629,0.356437
630,0.341916
631,0.359512
632,0.36899
633,0.397865
634,0.427043
635,0.422073
636,0.407333
637,0.324061
638,0.383385
639,0.360022
640,0.294296
641,0.355902
642,0.366071
643,0.331726
644,0.307191
645,0.262609
646,0.240286
647,0.216857
648,0.213922
649,0.238016
650,0.175768
651,0.124013
652,0.0729018
653,0.0438463
654,0
655,0
656,0.0173021
657,0
658,0
659,0
660,0
661,0
662,0
663,0
664,0
665,0
666,0
667,0
668,0.0248151
669,0.0523611
670,0.107923
671,0.141817
672,0.175797
673,0.241274
674,0.296907
675,0.292086
676,0.323673
677,0.309985
678,0.304386
679,0.219042
680,0.291344
681,0.237973
682,0.268359
683,0.213441
684,0.194447
685,0.158858
686,0.122379
687,0.113672
688,0.081335
689,0.038868
690,0
691,0
692,0
693,0
694,0
695,0
696,0
697,0
698,0
699,0
700,0.0159982
701,0.033896
702,0.0526971
703,0.0381959
704,0.0662284
705,0.0566302
706,0.12185
707,0.118686
708,0.161001
709,0.177295
710,0.192146
711,0.189419
712,0.204893
713,0.232073
714,0.2335
715,0.203808
716,0.222073
717,0.206982
718,0.189468
719,0.169648
720,0.206038
721,0.188447
722,0.176713
723,0.224206
724,0.197954
725,0.20054
726,0.177864
727,0.126792
728,0.125849
729,0.0876395
730,0.0498083
731,0.0316475
732,0.0469513
733,0.0391182
734,0
735,0
736,0
737,0
738,0
739,0
740,0
741,0
742,0
743,0
744,0
745,0
746,0
747,0
748,0
749,0
750,0
751,0
752,0
753,0
754,0
755,0
756,0.0282287
757,0.0526632
758,0.0990421
759,0.0934754
760,0.122093
761,0.113267
762,0.124132
763,0.126651
764,0.130973
765,0.147254
766,0.165348
767,0.181244
768,0.171795
769,0.152316
770,0.120638
771,0.137164
772,0.128405
773,0.121638
774,0.12107
775,0.102536
776,0.0962752
777,0.0925181
778,0.0793208
779,0.070136
780,0.0590578
781,0.0471294
782,0.0348459
783,0.015995
784,0.0188191
785,0.0304687
786,0.0353749
787,0.0376563
788,0.0394595
789,0.0388711
790,0.0452795
791,0.0515448
792,0.051108
793,0.0389051
794,0.0197298
795,0.0442915
796,0.0522127
797,0.0840871
798,0.0897205
799,0.0838432
800,0.137326
801,0.148762
802,0.124316
803,0.122695
804,0.0936906
805,0.067843
806,0.0774465
807,0
808,0
809,0
810,0
811,0
812,0.0513964
813,0.0763239
814,0.0657386
815,0.0900417
816,0.107507
817,0.0949246
818,0.0988894
819,0.0878272
820,0.0741135
821,0.0627438
822,0.0447548
823,0.0329801
824,0
825,0
826,0.0193237
827,0.0283315
828,0.032009
829,0.0336416
830,0.037793
831,0.0383824
832,0.0402758
833,0.0446806
834,0.0419285
835,0.0354767
836,0.0396546
837,0.0527385
838,0.0867776
839,0.105496
840,0.0962582
841,0.133291
842,0.149289
843,0.159815
844,0.174645
845,0.179119
846,0.166027
847,0.168435
848,0.174287
849,0.13868
850,0.110977
851,0.0782861
852,0.0627226
853,0
854,0
855,0
856,0
857,0
858,0
859,0
860,0
861,0
862,0.0152116
863,0
864,0
865,0
866,0
867,0
868,0
869,0
870,0.0333024
871,0
872,0
873,0
874,0
875,0.0151596
876,0.0317101
877,0.0670087
878,0.076326
879,0.0643022
880,0.0909502
881,0.170692
882,0.223271
883,0.266368
884,0.261086
885,0.259968
886,0.292247
887,0.28945
888,0.299463
889,0.280035
890,0.340478
891,0.223103
892,0.260574
893,0.194638
894,0.243145
895,0.187779
896,0.157063
897,0.171047
898,0.1232
899,0.0998944
900,0.0836418
901,0.0782321
902,0.0855956
903,0.0906683
904,0.0959678
905,0.0838104
906,0.0812396
907,0.0799283
908,0.0797661
909,0.0833598
910,0.0973957
911,0.11944
912,0.134588
913,0.139119
914,0.141677
915,0.13956
916,0.146763
917,0.165209
918,0.152324
919,0.127557
920,0.170301
921,0.104121
922,0.142793
923,0.130509
924,0.132069
925,0.145163
926,0.116194
927,0.127607
928,0.108341
929,0.145048
930,0.123987
931,0.127306
932,0.126093
933,0.116588
934,0.11922
935,0.092692
936,0.0564128
937,0.0720304
938,0.0183198
939,0.0215892
940,0.0156102
941,0.0194255
942,0.0167477
943,0.0180145
944,0.055781
945,0.0350325
946,0.0154607
947,0.0182403
948,0.0166735
949,0.0175311
950,0.0192654
951,0.0194743
952,0.0182276
953,0
954,0.0475609
955,0.0183951
956,0.0234232
957,0.0232536
958,0.0336045
959,0.0303362
960,0.0282902
961,0.0514155
962,0.0540127
963,0.062624
964,0.0612692
965,0.0595433
966,0.0429939
967,0.0427363
968,0.0365166
969,0.0364265
970,0.0424734
971,0.0348777
972,0.0335218
973,0.0357057
974,0.0321373
975,0.0185891
976,0.0347516
977,0.0187778
978,0.034848
979,0.049891
980,0.0459739
981,0.0441346
982,0.0535696
983,0.0520643
984,0.0684027
985,0.0561849
986,0.0819912
987,0.0906852
988,0.101013
989,0.0971614
990,0.0912481
991,0.129061
992,0.135641
993,0.13035
994,0.14813
995,0.162826
996,0.171932
997,0.190132
998,0.187873
999,0.209865
1000,0.219331
1001,0.227438
1002,0.25105
1003,0.259112
1004,0.276712
1005,0.303429
1006,0.306411
1007,0.290861
1008,0.26627
1009,0.170809
1010,0.180358
1011,0.218951
1012,0.19471
1013,0.141964
1014,0.191188
1015,0.143888
1016,0.155356
1017,0.143343
1018,0.138826
1019,0.129866
1020,0.131953
1021,0.170394
1022,0.159738
1023,0.167484
1024,0.196244
1025,0.125884
1026,0.120229
1027,0.0883901
1028,0.126859
1029,0.114713
1030,0.124916
1031,0.131681
1032,0.151266
1033,0.1592
1034,0.165788
1035,0.127874
1036,0.124042
1037,0.0858341
1038,0.11783
1039,0.090258
1040,0.0763642
1041,0.0765719
1042,0.0621491
1043,0.0824587
1044,0.0928341
1045,0.0244261
1046,0.0326462
1047,0.0545852
1048,0.0422211
1049,0.0455191
1050,0.0496769
1051,0.0528021
1052,0.055181
1053,0.0571963
1054,0.0571931
1055,0.0777412
1056,0.0591331
1057,0.059449
1058,0.0593472
1059,0.0522625
1060,0.0591045
1061,0.0588363
1062,0.0585193
1063,0.0926305
1064,0.0750305
1065,0.0766843
1066,0.0776649
1067,0.077332
1068,0.0742386
1069,0.0863388
1070,0.0285064
1071,0.0300054
1072,0.0323091
1073,0.0400638
1074,0
1075,0
1076,0
1077,0
1078,0
1079,0
1080,0
1081,0
1082,0
1083,0
1084,0
1085,0
1086,0
1087,0
1088,0
1089,0
1090,0
1091,0
1092,0
1093,0
1094,0
1095,0
1096,0
1097,0
1098,0
1099,0
1100,0
1101,0
1102,0
1103,0
1104,0
1105,0
1106,0
1107,0
1108,0
1109,0
1110,0
1111,0
1112,0.0172608
1113,0
1114,0
1115,0
1116,0
1117,0
1118,0.0153536
1119,0.0181428
1120,0.0226154
1121,0.0250144
1122,0.0211768
1123,0
1124,0
1125,0
1126,0
1127,0
1128,0
1129,0
1130,0
1131,0
1132,0
1133,0
1134,0
1135,0
1136,0.0171378
1137,0.025589
1138,0.0209245
1139,0.019893
1140,0.0197753
1141,0.0220514
1142,0.0244218
1143,0.0208026
1144,0.0245246
1145,0.0243094
1146,0
1147,0
1148,0
1149,0
1150,0
1151,0
1152,0
1153,0
1154,0.0176943
1155,0
1156,0.0172745
1157,0
1158,0
1159,0
1160,0
1161,0
1162,0
1163,0
1164,0
1165,0
1166,0
1167,0
1168,0
1169,0
1170,0.0173021
1171,0
1172,0
1173,0
1174,0
1175,0
1176,0
1177,0
1178,0
1179,0.0190566
1180,0
1181,0
1182,0
1183,0
1184,0.015254
1185,0.0184173
1186,0.0186877
1187,0.0364689
1188,0
1189,0.0192357
1190,0.0241377
1191,0
1192,0.0210496
1193,0
1194,0
1195,0
1196,0
1197,0
1198,0
1199,0
1200,0
1201,0
1202,0
1203,0
1204,0
1205,0
1206,0
1207,0.0188053
1208,0.0172205
1209,0
1210,0.0161423
1211,0
1212,0
1213,0
1214,0
1215,0
1216,0
1217,0
1218,0
1219,0
1220,0
1221,0
1222,0
1223,0.0243063
1224,0
1225,0
1226,0
1227,0
1228,0
1229,0
1230,0
1231,0
1232,0
1233,0.0651429
1234,0.0627194
1235,0.0635654
1236,0.0636142
1237,0.064298
1238,0.0640774
1239,0.0653528
1240,0.0938921
1241,0.0646743
1242,0.0654514
1243,0.0659316
1244,0.0663747
1245,0.0658425
1246,0.0665189
1247,0.0676394
1248,0.0671136
1249,0.0669334
1250,0.0676278
1251,0.0683645
1252,0.0677274
1253,0.0607508
1254,0
1255,0
1256,0
1257,0
1258,0
1259,0.0152529
1260,0.0160289
1261,0.0171918
1262,0.0184788
1263,0.0186855
1264,0.019945
1265,0.0432166
1266,0.0538431
1267,0.0578122
1268,0.0739948
1269,0.078443
1270,0.0710265
1271,0.0734806
1272,0.0752033
1273,0.0478959
1274,0
1275,0
1276,0
1277,0
1278,0
1279,0
1280,0
1281,0
1282,0
1283,0
1284,0
1285,0
1286,0
1287,0
1288,0
1289,0
1290,0
1291,0
1292,0
1293,0.016084
1294,0.0188594
1295,0.0192898
1296,0
1297,0
1298,0
1299,0.0240709
1300,0.0319762
1301,0.0263597
1302,0.0292538
1303,0.0260385
1304,0.0223875
1305,0.0242172
1306,0.0174134
1307,0.021004
1308,0
1309,0
1310,0
1311,0
1312,0
1313,0.0149805
1314,0
1315,0
1316,0
1317,0
1318,0
1319,0
1320,0
1321,0
1322,0
1323,0
1324,0
1325,0
1326,0
1327,0
1328,0
1329,0
1330,0
1331,0
1332,0.0266862
1333,0
1334,0
1335,0
1336,0
1337,0
1338,0
1339,0
1340,0.031267
1341,0
1342,0
1343,0
1344,0
1345,0
1346,0
1347,0
1348,0
1349,0
1350,0
1351,0
1352,0
1353,0
1354,0
1355,0
1356,0
1357,0.0160575
1358,0
1359,0
1360,0
1361,0
1362,0
1363,0.0160268
1364,0.0171113
1365,0
1366,0.0370753
1367,0.05042
1368,0.0461488
1369,0.082075
1370,0.0458647
1371,0.0652086
1372,0.0604307
1373,0.0320196
1374,0.0303372
1375,0
1376,0.0864808
1377,0.0866812
1378,0.121442
1379,0.150899
1380,0.144044
1381,0.116727
1382,0.193439
1383,0.17319
1384,0.173096
1385,0.206452
1386,0.210753
1387,0.230321
1388,0.231302
1389,0.196669
1390,0.217793
1391,0.193181
1392,0.195354
1393,0.203362
1394,0.216217
1395,0.210508
1396,0.236046
1397,0.24592
1398,0.217452
1399,0.202486
1400,0.281606
1401,0.337619
1402,0.401811
1403,0.482989
1404,0.541671
1405,0.520069
1406,0.534773
1407,0.482578
1408,0.489845
1409,0.489762
1410,0.492883
1411,0.485078
1412,0.558152
1413,0.55254
1414,0.525568
1415,0.539658
1416,0.539128
1417,0.564582
1418,0.591986
1419,0.581935
1420,0.564602
1421,0.561568
1422,0.517506
1423,0.450545
1424,0.475456
1425,0.499511
1426,0.485321
1427,0.560952
1428,0.541404
1429,0.537568
1430,0.550654
1431,0.592397
1432,0.608881
1433,0.634436
1434,0.646148
1435,0.652458
1436,0.72913
1437,0.729454
1438,0.707218
1439,0.68576
1440,0.680116
1441,0.662552
1442,0.706122
1443,0.709212
1444,0.694398
1445,0.690541
1446,0.70657
1447,0.656165
1448,0.690365
1449,0.647558
1450,0.624967
1451,0.633543
1452,0.596602
1453,0.618871
1454,0.613958
1455,0.453606
1456,0.520229
1457,0.472575
1458,0.512222
1459,0.549779
1460,0.436395
1461,0.489349
1462,0.491713
1463,0.54035
1464,0.541137
1465,0.567031
1466,0.507571
1467,0.481598
1468,0.527048
1469,0.544657
1470,0.523758
1471,0.422183
1472,0.393179
1473,0.424431
1474,0.340004
1475,0.450263
1476,0.46269
1477,0.478354
1478,0.464494
1479,0.515199
1480,0.450032
1481,0.484035
1482,0.527313
1483,0.535065
1484,0.569883
1485,0.566382
1486,0.487498
1487,0.490793
1488,0.432478
1489,0.541418
1490,0.580233
1491,0.543293
1492,0.547485
1493,0.408785
1494,0.475593
1495,0.505359
1496,0.52439
1497,0.483366
1498,0.436912
1499,0.450234
1500,0.413851
1501,0.462506
1502,0.387316
1503,0.475219
1504,0.383924
1505,0.5583
1506,0.501555
1507,0.482041
1508,0.466373
1509,0.483762
1510,0.527953
1511,0.515322
1512,0.477797
1513,0.459126
1514,0.482016
1515,0.479631
1516,0.465254
1517,0.518641
1518,0.541556
1519,0.555551
1520,0.591585
1521,0.599265
1522,0.559976
1523,0.558891
1524,0.518872
1525,0.606469
1526,0.553649
1527,0.583613
1528,0.552306
1529,0.570926
1530,0.517367
1531,0.505407
1532,0.45206
1533,0.453684
1534,0.515791
1535,0.479626
1536,0.507417
1537,0.493743
1538,0.475176
1539,0.447509
1540,0.45252
1541,0.46155
1542,0.442491
1543,0.429874
1544,0.508308
1545,0.503751
1546,0.508087
1547,0.489901
1548,0.465217
1549,0.460861
1550,0.412558
1551,0.440664
1552,0.374714
1553,0.383442
1554,0.424054
1555,0.382982
1556,0.398069
1557,0.351493
1558,0.341381
1559,0.378923
1560,0.355782
1561,0.354797
1562,0.374287
1563,0.370284
1564,0.379739
1565,0.371158
1566,0.365678
1567,0.358569
1568,0.384819
1569,0.366094
1570,0.369137
1571,0.393659
1572,0.39296
1573,0.392778
1574,0.355922
1575,0.410997
1576,0.389277
1577,0.43016
1578,0.414123
1579,0.364205
1580,0.356718
1581,0.332323
1582,0.337138
1583,0.33305
1584,0.342151
1585,0.346266
1586,0.286883
1587,0.271786
1588,0.248747
1589,0.222529
1590,0.170954
1591,0.15844
1592,0.126029
1593,0.0757747
1594,0.0496938
1595,0.0284131
1596,0
1597,0
1598,0.0388234
1599,0
1600,0
1601,0
1602,0
1603,0
1604,0
1605,0
1606,0
1607,0.0182149
1608,0
1609,0
1610,0
1611,0
1612,0
1613,0
1614,0.0160437
1615,0.0151204
1616,0
1617,0.0154215
1618,0
1619,0.0158179
1620,0
1621,0
1622,0
1623,0
1624,0
1625,0
1626,0
1627,0
1628,0
1629,0
1630,0
1631,0
1632,0
1633,0
1634,0
1635,0
1636,0
1637,0
1638,0
1639,0
1640,0.0393016
1641,0.0727725
1642,0.0694437
1643,0.112564
1644,0.149424
1645,0.147563
1646,0.113073
1647,0.133371
1648,0.100639
1649,0.167913
1650,0.171315
1651,0.155701
1652,0.148932
1653,0.105121
1654,0.0870374
1655,0.0624078
1656,0.0759104
1657,0.104121
1658,0.108516
1659,0.149234
1660,0.168932
1661,0.161471
1662,0.168214
1663,0.1878
1664,0.19382
1665,0.202086
1666,0.18986
1667,0.179315
1668,0.146729
1669,0.133607
1670,0.117566
1671,0.0840256
1672,0.0543128
1673,0.0252975
1674,0.0173148
1675,0.0285149
1676,0.0330978
1677,0.0347961
1678,0.0348342
1679,0.0366598
1680,0.0423345
1681,0.0502886
1682,0.0466333
1683,0.0598688
1684,0.0911368
1685,0.0877741
1686,0.108222
1687,0.135471
1688,0.162034
1689,0.194809
1690,0.194903
1691,0.182396
1692,0.186933
1693,0.210989
1694,0.217772
1695,0.230329
1696,0.240478
1697,0.203098
1698,0.162309
1699,0.104683
1700,0.0859645
1701,0.0998244
1702,0.118685
1703,0.103429
1704,0.0687504
1705,0.0363311
1706,0
1707,0.0170392
1708,0.0325168
1709,0.0401655
1710,0.0430226
1711,0
1712,0
1713,0
1714,0
1715,0
1716,0
1717,0
1718,0
1719,0
1720,0.048463
1721,0
1722,0
1723,0.0341558
1724,0
1725,0
1726,0
1727,0
1728,0
1729,0
1730,0
1731,0
1732,0
1733,0
1734,0
1735,0
1736,0
1737,0
1738,0
1739,0
1740,0.0429918
1741,0
1742,0
1743,0
1744,0
1745,0.0155815
1746,0
1747,0
1748,0.0226641
1749,0
1750,0
1751,0
1752,0
1753,0.027581
1754,0.0428328
1755,0.0601359
1756,0.0524798
1757,0.0630385
1758,0.0878558
1759,0.0975897
1760,0.0977572
1761,0.0991566
1762,0.108172
1763,0.104479
1764,0.124271
1765,0.178188
1766,0.183551
1767,0.159243
1768,0.176073
1769,0.17397
1770,0.185466
1771,0.12421
1772,0.15779
1773,0.11399
1774,0.0925266
1775,0.0902071
1776,0.0920835
1777,0.108651
1778,0.110737
1779,0.118326
1780,0.110545
1781,0.112978
1782,0.112009
1783,0.108762
1784,0.132722
1785,0.145363
1786,0.184668
1787,0.180916
1788,0.188568
1789,0.175457
1790,0.195768
1791,0.193356
1792,0.203259
1793,0.202449
1794,0.203671
1795,0.205734
1796,0.214448
1797,0.199826
1798,0.195077
1799,0.224873
1800,0.211557
1801,0.159148
1802,0.178365
1803,0.0952766
1804,0.0955935
1805,0.0729379
1806,0.0987018
1807,0.130009
1808,0.157701
1809,0.161518
1810,0.170274
1811,0.182574
1812,0.19788
1813,0.217783
1814,0.228286
1815,0.242571
1816,0.246372
1817,0.255778
1818,0.21962
1819,0.234828
1820,0.154824
1821,0.16896
1822,0.142802
1823,0.169484
1824,0.129082
1825,0.122177
1826,0.0616434
1827,0.0933705
1828,0.0815121
1829,0.0916457
1830,0.0943808
1831,0.100572
1832,0.107869
1833,0.130507
1834,0.118472
1835,0.115202
1836,0.119387
1837,0.122375
1838,0.112161
1839,0.120225
1840,0.140177
1841,0.133394
1842,0.141633
1843,0.125415
1844,0.120305
1845,0.121018
1846,0.116841
1847,0.0815841
1848,0.0922107
1849,0.0646913
1850,0.0877922
1851,0.0762634
1852,0.0786604
1853,0.103579
1854,0.108949
1855,0.11335
1856,0.132226
1857,0.162753
1858,0.175601
1859,0.185084
1860,0.171951
1861,0.187188
1862,0.192022
1863,0.190218
1864,0.184548
1865,0.165348
1866,0.1378
1867,0.138733
1868,0.089535
1869,0.0398698
1870,0.0382605
1871,0.0370382
1872,0.0528191
1873,0.0640509
1874,0.0747613
1875,0.0763589
1876,0.0753729
1877,0.0455255
1878,0.0467001
1879,0.056239
1880,0.0550326
1881,0.0482584
1882,0.0507646
1883,0.0535707
1884,0.0365378
1885,0.0555276
1886,0.0734902
1887,0.0551937
1888,0.0559718
1889,0.0577963
1890,0.0462124
1891,0.0498327
1892,0.0429473
1893,0.0789021
1894,0.0461796
1895,0.0290874
1896,0.0281937
1897,0.0434699
1898,0.0545258
1899,0.0681006
1900,0.0859391
1901,0.0512946
1902,0.0290386
1903,0.0272407
1904,0.0439608
1905,0.017935
1906,0
1907,0
1908,0.0686455
1909,0
1910,0.0196015
