frame,dynamic density
1,0.100216
2,0.111284
3,0.140353
4,0.129085
5,0.102938
6,0.109186
7,0.140173
8,0.106661
9,0.123528
10,0.100538
11,0.126512
12,0.16403
13,0.147576
14,0.159281
15,0.199851
16,0.116598
17,0.0809417
18,0.0807
19,0.0774264
20,0.0787918
21,0.0804138
22,0.0624905
23,0.127402
24,0.0771073
25,0.0480814
26,0.0711124
27,0.0560651
28,0.0716509
29,0.0759974
30,0.0882236
31,0.0949681
32,0.119157
33,0.0783137
34,0.0639746
35,0.100378
36,0.0917188
37,0.101463
38,0.118483
39,0.120893
40,0.140084
41,0.119565
42,0.117675
43,0.123455
44,0.134404
45,0.147321
46,0.147033
47,0.153657
48,0.179812
49,0.114562
50,0.0975664
51,0.0985682
52,0.102404
53,0.0984378
54,0.11473
55,0.138004
56,0.0932539
57,0.140053
58,0.113043
59,0.121882
60,0.106072
61,0.112339
62,0.127358
63,0.0987654
64,0.0957091
65,0.129394
66,0.0851323
67,0.0679903
68,0.0738093
69,0.0606247
70,0.0539767
71,0.0372619
72,0.0460736
73,0.144518
74,0.0856963
75,0.0605791
76,0.0776426
77,0.0763896
78,0.0659337
79,0.0599791
80,0.0700332
81,0.040315
82,0.0914347
83,0.0638983
84,0.0681101
85,0.0461668
86,0.0394797
87,0.0474305
88,0.0555298
89,0.0263046
90,0.112878
91,0.0391924
92,0.0214694
93,0.0205556
94,0.0222221
95,0.0267965
96,0.0316571
97,0.024214
98,0.0612841
99,0.0555605
100,0.0555987
101,0.0564669
102,0.0583899
103,0.0263957
104,0.0332706
105,0.0317769
106,0.0402663
107,0.114343
108,0.0522678
109,0.0687451
110,0.0600331
111,0.0444537
112,0.055623
113,0.0289835
114,0.0446965
115,0.0847698
116,0.0847507
117,0.0828891
118,0.0903216
119,0.0685554
120,0.0332144
121,0.0564701
122,0.038992
123,0.1077
124,0.0822881
125,0.0585415
126,0.0619975
127,0.0245766
128,0.0267922
129,0.0355106
130,0.0525731
131,0.0595603
132,0.113051
133,0.0850783
134,0.0748864
135,0.0827004
136,0.0752436
137,0.0977901
138,0.108587
139,0.121598
140,0.205378
141,0.175155
142,0.195032
143,0.225115
144,0.212142
145,0.246731
146,0.244421
147,0.254237
148,0.280072
149,0.259177
150,0.291359
151,0.264997
152,0.265497
153,0.265296
154,0.26016
155,0.26823
156,0.265139
157,0.302532
158,0.319341
159,0.272425
160,0.295723
161,0.268724
162,0.279615
163,0.2705
164,0.281574
165,0.307791
166,0.187469
167,0.0200086
168,0.0363544
169,0.0520218
170,0.0690176
171,0.0726092
172,0.0780052
173,0.0847359
174,0.0702696
175,0.0853168
176,0.0802717
177,0.107723
178,0.107388
179,0.0825001
180,0.0897311
181,0.105789
182,0.14906
183,0.133343
184,0.125639
185,0.117783
186,0.106987
187,0.158919
188,0.327772
189,0.308867
190,0.342141
191,0.321666
192,0.272739
193,0.0554948
194,0.151134
195,0.185365
196,0.104936
197,0.110427
198,0.165901
199,0.0821937
200,0.0873808
201,0.0930185
202,0.0919118
203,0.0983986
204,0.106819
205,0.111216
206,0.120211
207,0.153725
208,0.090646
209,0.115184
210,0.140645
211,0.131982
212,0.131818
213,0.119896
214,0.0814707
215,0.130931
216,0.0852066
217,0.0785374
218,0.081829
219,0.0847083
220,0.0873077
221,0.100609
222,0.0895573
223,0.188765
224,0.113876
225,0.139937
226,0.144094
227,0.141806
228,0.14147
229,0.109922
230,0.155063
231,0.138756
232,0.276051
233,0.189452
234,0.125348
235,0.145793
236,0.164379
237,0.164418
238,0.145817
239,0.16596
240,0.248082
241,0.145515
242,0.193188
243,0.181644
244,0.118619
245,0.120443
246,0.0855553
247,0.0594713
248,0.226602
249,0.0478471
250,0.127761
251,0.0888088
252,0.137398
253,0.107421
254,0.0730651
255,0.0845514
256,0.0779013
257,0.192995
258,0.132841
259,0.0776808
260,0.0398666
261,0.024689
262,0.0283813
263,0.0128327
264,0.0183961
265,0.0491214
266,0.0274675
267,0.0250674
268,0.027546
269,0.0445629
270,0.0625583
271,0.0621215
272,0.080911
273,0.220608
274,0.0628827
275,0.0952607
276,0.071071
277,0.0424374
278,0.054547
279,0.0670447
280,0.0679246
281,0.0488076
282,0.160643
283,0.0386167
284,0.0408652
285,0.0474665
286,0.0382722
287,0.0761945
288,0.0778271
289,0.0563164
290,0.174233
291,0.101062
292,0.0930058
293,0.107491
294,0.0678504
295,0.0618141
296,0.0400998
297,0.0538749
298,0.0303945
299,0.0777974
300,0.046575
301,0.0476065
302,0.273758
303,0.094138
304,0.0873745
305,0.0730555
306,0.0290768
307,0.0621247
308,0.0451004
309,0.0433353
310,0.189601
311,0.0866324
312,0.108443
313,0.0765476
314,0.0875547
315,0.0821078
316,0.0856476
317,0.106737
318,0.195261
319,0.135729
320,0.0923241
321,0.0997895
322,0.0619413
323,0.0541643
324,0.0441611
325,0.045675
326,0.058867
327,0.146651
328,0.0776501
329,0.0474369
330,0.0411652
331,0.0593271
332,0.034672
333,0.0855034
334,0.113725
335,0.218095
336,0.129875
337,0.146884
338,0.117966
339,0.0963028
340,0.0789498
341,0.0842737
342,0.103624
343,0.0914761
344,0.0652945
345,0.120973
346,0.161075
347,0.107635
348,0.119481
349,0.0799399
350,0.112084
351,0.0908262
352,0.0991227
353,0.0819721
354,0.144253
355,0.154322
356,0.122361
357,0.103283
358,0.118555
359,0.078248
360,0.0928913
361,0.123667
362,0.14587
363,0.115288
364,0.110748
365,0.0744867
366,0.0666503
367,0.0680953
368,0.0790865
369,0.0911697
370,0.197225
371,0.114354
372,0.127902
373,0.112426
374,0.0947423
375,0.0961904
376,0.100845
377,0.0787642
378,0.0692073
379,0.10975
380,0.156663
381,0.100479
382,0.0363195
383,0.0422412
384,0.0363332
385,0.045535
386,0.0369513
387,0.154067
388,0.0541675
389,0.050896
390,0.0453294
391,0.0634032
392,0.0379234
393,0.0482076
394,0.105077
395,0.128131
396,0.143793
397,0.127738
398,0.0882046
399,0.134059
400,0.0755214
401,0.0334508
402,0.0447558
403,0.0700067
404,0.24
405,0.128144
406,0.0887717
407,0.105445
408,0.0701911
409,0.0509374
410,0.0344802
411,0.0346742
412,0.0961872
413,0.0516455
414,0.0625594
415,0.0452149
416,0.0413465
417,0.038516
418,0.0454767
419,0.0324214
420,0.130206
421,0.0817421
422,0.0843012
423,0.0688617
424,0.0679341
425,0.0375365
426,0.0360873
427,0.0373149
428,0.0371951
429,0.12773
430,0.065427
431,0.0509013
432,0.0443965
433,0.0473033
434,0.046892
435,0.0431498
436,0.0548099
437,0.0933578
438,0.0555382
439,0.0412426
440,0.0494892
441,0.0570182
442,0.0918206
443,0.0587589
444,0.0523611
445,0.180355
446,0.144078
447,0.0875844
448,0.0936302
449,0.0918333
450,0.058127
451,0.062412
452,0.063752
453,0.054617
454,0.106711
455,0.072641
456,0.0537848
457,0.0588638
458,0.0490843
459,0.0445915
460,0.0391107
461,0.0373955
462,0.135968
463,0.0519116
464,0.0237974
465,0.0662623
466,0.0351184
467,0.0535039
468,0.0536618
469,0.02633
470,0.147957
471,0.0585172
472,0.0748715
473,0.0850687
474,0.118726
475,0.101336
476,0.125177
477,0.17493
478,0.18164
479,0.207676
480,0.222683
481,0.257832
482,0.325017
483,0.271076
484,0.303523
485,0.208916
486,0.209809
487,0.3347
488,0.247728
489,0.364456
490,0.357371
491,0.400794
492,0.488728
493,0.583784
494,0.46045
495,0.453677
496,0.412092
497,0.370645
498,0.421475
499,0.381631
500,0.534809
501,0.606569
502,0.544108
503,0.569749
504,0.55002
505,0.569957
506,0.570076
507,0.570584
508,0.543635
509,0.546315
510,0.541617
511,0.541871
512,0.549893
513,0.533284
514,0.552611
515,0.542965
516,0.568096
517,0.594062
518,0.607597
519,0.594044
520,0.585028
521,0.589073
522,0.588225
523,0.585422
524,0.599871
525,0.603059
526,0.606187
527,0.59671
528,0.605375
529,0.603373
530,0.611349
531,0.631066
532,0.629705
533,0.635983
534,0.6181
535,0.621912
536,0.637911
537,0.591418
538,0.582846
539,0.559637
540,0.529983
541,0.528454
542,0.500826
543,0.536584
544,0.589011
545,0.54071
546,0.560046
547,0.570257
548,0.579373
549,0.597488
550,0.599833
551,0.566628
552,0.601284
553,0.585985
554,0.559188
555,0.494929
556,0.533502
557,0.52151
558,0.516831
559,0.528827
560,0.504295
561,0.547693
562,0.529355
563,0.51789
564,0.514673
565,0.545761
566,0.556956
567,0.538283
568,0.588212
569,0.579518
570,0.545369
571,0.474589
572,0.548352
573,0.533804
574,0.501124
575,0.4847
576,0.513634
577,0.53211
578,0.5293
579,0.530429
580,0.537472
581,0.51032
582,0.494266
583,0.456569
584,0.497287
585,0.495854
586,0.488468
587,0.480838
588,0.437224
589,0.439258
590,0.42844
591,0.461388
592,0.453519
593,0.434748
594,0.404062
595,0.396635
596,0.359996
597,0.367711
598,0.358651
599,0.391755
600,0.409332
601,0.417275
602,0.437237
603,0.421894
604,0.410299
605,0.379707
606,0.36773
607,0.388761
608,0.391786
609,0.383541
610,0.377041
611,0.385106
612,0.353557
613,0.353622
614,0.323139
615,0.278553
616,0.267953
617,0.217312
618,0.188948
619,0.201201
620,0.203919
621,0.224584
622,0.224969
623,0.231622
624,0.265671
625,0.297187
626,0.303632
627,0.300522
628,0.354163
629,0.377416
630,0.361462
631,0.397678
632,0.436596
633,0.457484
634,0.461894
635,0.456816
636,0.441638
637,0.381129
638,0.387251
639,0.38856
640,0.369238
641,0.378446
642,0.369042
643,0.348599
644,0.323298
645,0.273228
646,0.25532
647,0.226708
648,0.231749
649,0.21948
650,0.179058
651,0.127825
652,0.0835051
653,0.0624035
654,0.0613678
655,0.041708
656,0.10085
657,0.0809725
658,0.0723304
659,0.0395666
660,0.0439851
661,0.0781579
662,0.0955988
663,0.0705484
664,0.0866472
665,0.0911591
666,0.0847019
667,0.0518989
668,0.0783519
669,0.0976851
670,0.186226
671,0.158097
672,0.239946
673,0.301146
674,0.349548
675,0.346293
676,0.375774
677,0.320034
678,0.315704
679,0.265767
680,0.303319
681,0.270453
682,0.268278
683,0.231313
684,0.198456
685,0.157494
686,0.127172
687,0.130365
688,0.0872579
689,0.0506458
690,0.0282191
691,0.0416285
692,0.0268421
693,0.0236893
694,0.0350473
695,0.0793653
696,0.0403224
697,0.0387863
698,0.0122803
699,0.0156006
700,0.0325338
701,0.0414621
702,0.0681281
703,0.0718099
704,0.145087
705,0.106811
706,0.154351
707,0.166101
708,0.210747
709,0.23666
710,0.241405
711,0.228779
712,0.254194
713,0.257171
714,0.26107
715,0.224754
716,0.239127
717,0.228294
718,0.204063
719,0.213584
720,0.214194
721,0.186323
722,0.185607
723,0.219269
724,0.219453
725,0.187336
726,0.167632
727,0.146057
728,0.119845
729,0.0928659
730,0.079218
731,0.0892689
732,0.112812
733,0.0890823
734,0.049274
735,0.0531445
736,0.0368856
737,0.099481
738,0.0516073
739,0.0354862
740,0.0457258
741,0.0457248
742,0.0354215
743,0.0352678
744,0.0318087
745,0.0812481
746,0.0379828
747,0.0628074
748,0.0166501
749,0.025165
750,0.0317196
751,0.0188679
752,0.018552
753,0.0196598
754,0.0607158
755,0.031797
756,0.0517452
757,0.0735071
758,0.109332
759,0.115478
760,0.137081
761,0.138523
762,0.180657
763,0.154327
764,0.154698
765,0.16769
766,0.185788
767,0.206267
768,0.197083
769,0.170931
770,0.162382
771,0.160545
772,0.148637
773,0.134587
774,0.131394
775,0.107785
776,0.106787
777,0.105989
778,0.0882385
779,0.105977
780,0.0677931
781,0.0594267
782,0.0439311
783,0.03088
784,0.032925
785,0.037175
786,0.0389825
787,0.0701689
788,0.0582553
789,0.0671327
790,0.0809968
791,0.0664966
792,0.0939822
793,0.0541972
794,0.0342395
795,0.0526484
796,0.069783
797,0.0968148
798,0.109244
799,0.103366
800,0.121934
801,0.121999
802,0.114453
803,0.106359
804,0.100064
805,0.0827831
806,0.0842662
807,0.0869759
808,0.0946055
809,0.0383231
810,0.017883
811,0.0144228
812,0.0675599
813,0.0659369
814,0.0663376
815,0.0829983
816,0.0829877
817,0.0910955
818,0.09084
819,0.0860334
820,0.0831669
821,0.066239
822,0.0540276
823,0.0380888
824,0.056221
825,0.0562443
826,0.0763504
827,0.0520802
828,0.063206
829,0.131076
830,0.0662263
831,0.0675345
832,0.0916785
833,0.0945907
834,0.0743584
835,0.0773479
836,0.0460513
837,0.0679235
838,0.0855182
839,0.101533
840,0.106219
841,0.131942
842,0.129748
843,0.144362
844,0.148811
845,0.146999
846,0.145532
847,0.162342
848,0.168633
849,0.158486
850,0.124507
851,0.0834022
852,0.0725456
853,0.0317663
854,0.0477284
855,0.0640976
856,0.0481991
857,0.044424
858,0.0418787
859,0.0504211
860,0.0558022
861,0.0430427
862,0.123904
863,0.0578567
864,0.0697904
865,0.075391
866,0.0778706
867,0.045147
868,0.0632283
869,0.0624417
870,0.133158
871,0.0605748
872,0.0563248
873,0.0582405
874,0.0310189
875,0.0440371
876,0.0795477
877,0.116313
878,0.11885
879,0.0903682
880,0.111399
881,0.161272
882,0.251664
883,0.278729
884,0.294217
885,0.283625
886,0.303438
887,0.30823
888,0.316282
889,0.313263
890,0.327567
891,0.273522
892,0.242777
893,0.235088
894,0.252039
895,0.202873
896,0.180831
897,0.174867
898,0.121787
899,0.111174
900,0.0885183
901,0.124743
902,0.117425
903,0.123999
904,0.144464
905,0.118993
906,0.120833
907,0.123816
908,0.159097
909,0.101037
910,0.110256
911,0.127583
912,0.153657
913,0.146744
914,0.148594
915,0.150103
916,0.176135
917,0.182955
918,0.183095
919,0.189761
920,0.213688
921,0.187303
922,0.192143
923,0.178723
924,0.149533
925,0.173873
926,0.13269
927,0.149218
928,0.125768
929,0.181499
930,0.155259
931,0.157718
932,0.154238
933,0.120421
934,0.139244
935,0.102975
936,0.099287
937,0.129326
938,0.0758108
939,0.0835114
940,0.0834563
941,0.0747019
942,0.0520674
943,0.0844295
944,0.0865169
945,0.151276
946,0.0913266
947,0.0598328
948,0.066645
949,0.0850804
950,0.0302726
951,0.0427734
952,0.0366629
953,0.0258307
954,0.129222
955,0.0803989
956,0.101085
957,0.090011
958,0.0825361
959,0.0446636
960,0.042113
961,0.0603024
962,0.0966696
963,0.0719361
964,0.0809078
965,0.0779914
966,0.063699
967,0.0720294
968,0.0469132
969,0.0562125
970,0.106479
971,0.0482595
972,0.0490504
973,0.0523452
974,0.0432473
975,0.0636396
976,0.0577995
977,0.0547273
978,0.0669482
979,0.108728
980,0.0555849
981,0.0674539
982,0.0748524
983,0.0699431
984,0.0846171
985,0.0930249
986,0.0957504
987,0.172892
988,0.1173
989,0.14298
990,0.126479
991,0.150381
992,0.166711
993,0.186122
994,0.17077
995,0.251538
996,0.236593
997,0.232764
998,0.231448
999,0.254151
1000,0.240559
1001,0.23879
1002,0.245245
1003,0.269836
1004,0.293581
1005,0.291398
1006,0.294026
1007,0.31507
1008,0.281877
1009,0.246242
1010,0.274085
1011,0.274692
1012,0.294673
1013,0.241641
1014,0.266355
1015,0.160926
1016,0.18218
1017,0.174734
1018,0.173098
1019,0.162163
1020,0.206411
1021,0.16953
1022,0.182076
1023,0.203297
1024,0.222183
1025,0.198459
1026,0.20688
1027,0.16521
1028,0.182252
1029,0.202
1030,0.186102
1031,0.137684
1032,0.1439
1033,0.160638
1034,0.153886
1035,0.144785
1036,0.148729
1037,0.16708
1038,0.171198
1039,0.157733
1040,0.11967
1041,0.129923
1042,0.106614
1043,0.125261
1044,0.11884
1045,0.165773
1046,0.0919298
1047,0.101255
1048,0.0696324
1049,0.0708155
1050,0.0648312
1051,0.0738072
1052,0.0816986
1053,0.0798307
1054,0.203692
1055,0.136123
1056,0.13543
1057,0.134979
1058,0.125426
1059,0.0953953
1060,0.0980286
1061,0.0955087
1062,0.183023
1063,0.15335
1064,0.134713
1065,0.129021
1066,0.120433
1067,0.126956
1068,0.103706
1069,0.118887
1070,0.237102
1071,0.11613
1072,0.0792021
1073,0.0998997
1074,0.0155444
1075,0.0309712
1076,0.0531445
1077,0.0492984
1078,0.0449085
1079,0.114366
1080,0.0543106
1081,0.0765115
1082,0.0611134
1083,0.0367096
1084,0.0628233
1085,0.0296482
1086,0.0273689
1087,0.150156
1088,0.0737754
1089,0.0718884
1090,0.0268887
1091,0.0525869
1092,0.0490079
1093,0.0663334
1094,0.0374294
1095,0.175701
1096,0.10811
1097,0.0726294
1098,0.0687737
1099,0.0558351
1100,0.0304687
1101,0.0447166
1102,0.0328221
1103,0.039486
1104,0.124202
1105,0.0273329
1106,0.0576139
1107,0.0512109
1108,0.0520017
1109,0.0389061
1110,0.0532007
1111,0.0429155
1112,0.149166
1113,0.0485669
1114,0.0597108
1115,0.0338621
1116,0.0486221
1117,0.051531
1118,0.0340614
1119,0.0472821
1120,0.123928
1121,0.0624247
1122,0.0507889
1123,0.0478991
1124,0.0365113
1125,0.0309807
1126,0.0274431
1127,0.02222
1128,0.0364446
1129,0.106202
1130,0.0342925
1131,0.0323271
1132,0.0423981
1133,0.0277336
1134,0.0464563
1135,0.0667108
1136,0.0569832
1137,0.0995117
1138,0.0767744
1139,0.095637
1140,0.0789137
1141,0.0731849
1142,0.0725965
1143,0.0619328
1144,0.0972791
1145,0.192526
1146,0.095091
1147,0.0428699
1148,0.0620579
1149,0.0800247
1150,0.068073
1151,0.0972855
1152,0.040985
1153,0.0546668
1154,0.125108
1155,0.0463365
1156,0.0794459
1157,0.0622297
1158,0.0514759
1159,0.107313
1160,0.0893484
1161,0.0816584
1162,0.199283
1163,0.0995435
1164,0.0697289
1165,0.104259
1166,0.120224
1167,0.0925648
1168,0.0667617
1169,0.0556867
1170,0.156147
1171,0.130981
1172,0.113558
1173,0.131543
1174,0.130311
1175,0.117215
1176,0.053083
1177,0.0685797
1178,0.0544082
1179,0.116215
1180,0.103217
1181,0.0605971
1182,0.0394807
1183,0.0724831
1184,0.055357
1185,0.0685988
1186,0.074969
1187,0.152191
1188,0.0707975
1189,0.0827333
1190,0.133478
1191,0.130266
1192,0.120709
1193,0.0419179
1194,0.069148
1195,0.074052
1196,0.0706215
1197,0.0481885
1198,0.149598
1199,0.07153
1200,0.0434159
1201,0.0773543
1202,0.0860801
1203,0.0398645
1204,0.056662
1205,0.0705325
1206,0.0430247
1207,0.122523
1208,0.0804445
1209,0.0444484
1210,0.0749955
1211,0.0586688
1212,0.067438
1213,0.0591681
1214,0.0426505
1215,0.0872345
1216,0.0755701
1217,0.0591055
1218,0.0330755
1219,0.0245077
1220,0.107561
1221,0.0653708
1222,0.0580157
1223,0.151825
1224,0.121484
1225,0.102325
1226,0.0541357
1227,0.0451014
1228,0.0576203
1229,0.0979915
1230,0.0202556
1231,0.0218574
1232,0.162102
1233,0.0959126
1234,0.104805
1235,0.111544
1236,0.0994174
1237,0.0812852
1238,0.0777222
1239,0.0755712
1240,0.20531
1241,0.08659
1242,0.0892074
1243,0.0927026
1244,0.0978442
1245,0.084332
1246,0.0848906
1247,0.106661
1248,0.197007
1249,0.078531
1250,0.148556
1251,0.118797
1252,0.0784907
1253,0.122428
1254,0.0607073
1255,0.0363831
1256,0.0590483
1257,0.161651
1258,0.0518035
1259,0.0947401
1260,0.0736481
1261,0.0409341
1262,0.0478302
1263,0.0341759
1264,0.0369407
1265,0.144089
1266,0.0616805
1267,0.0745047
1268,0.0818386
1269,0.087437
1270,0.0833121
1271,0.0913361
1272,0.100992
1273,0.249538
1274,0.0917146
1275,0.0283018
1276,0.0541092
1277,0.0600437
1278,0.0389814
1279,0.0602716
1280,0.0532495
1281,0.0437551
1282,0.153536
1283,0.0758129
1284,0.0466227
1285,0.048692
1286,0.0449721
1287,0.0420939
1288,0.0462156
1289,0.0444654
1290,0.151076
1291,0.130147
1292,0.0769568
1293,0.0465951
1294,0.070206
1295,0.0710116
1296,0.0613985
1297,0.0420674
1298,0.183102
1299,0.0951653
1300,0.103059
1301,0.0600331
1302,0.0447823
1303,0.0594649
1304,0.0597267
1305,0.0699855
1306,0.0548492
1307,0.122832
1308,0.0715226
1309,0.0563323
1310,0.048392
1311,0.0409087
1312,0.0329441
1313,0.0331571
1314,0.0210666
1315,0.145402
1316,0.0761097
1317,0.0986318
1318,0.145016
1319,0.0383782
1320,0.0494511
1321,0.0239479
1322,0.0179678
1323,0.147487
1324,0.109642
1325,0.092568
1326,0.0709162
1327,0.0529145
1328,0.0223461
1329,0.0462273
1330,0.0317949
1331,0.0214122
1332,0.157319
1333,0.137078
1334,0.112185
1335,0.0620908
1336,0.138836
1337,0.117897
1338,0.0415363
1339,0.0375566
1340,0.182513
1341,0.0750327
1342,0.0692964
1343,0.0405578
1344,0.087401
1345,0.109361
1346,0.054441
1347,0.0668168
1348,0.154063
1349,0.0815587
1350,0.0426208
1351,0.0986477
1352,0.0851535
1353,0.127378
1354,0.117543
1355,0.0459728
1356,0.0329631
1357,0.145167
1358,0.0835199
1359,0.105238
1360,0.101406
1361,0.108614
1362,0.0820601
1363,0.0977286
1364,0.0915683
1365,0.175998
1366,0.123346
1367,0.119756
1368,0.141562
1369,0.17101
1370,0.105782
1371,0.164901
1372,0.16315
1373,0.167478
1374,0.144892
1375,0.0787218
1376,0.185701
1377,0.129902
1378,0.183133
1379,0.219498
1380,0.22
1381,0.189717
1382,0.30006
1383,0.246724
1384,0.226728
1385,0.237166
1386,0.286689
1387,0.261821
1388,0.295452
1389,0.276513
1390,0.304786
1391,0.283041
1392,0.241189
1393,0.269301
1394,0.22797
1395,0.245623
1396,0.31732
1397,0.284094
1398,0.269081
1399,0.232555
1400,0.314256
1401,0.397919
1402,0.445671
1403,0.484632
1404,0.527643
1405,0.512987
1406,0.486644
1407,0.499668
1408,0.483752
1409,0.4916
1410,0.494725
1411,0.488061
1412,0.54021
1413,0.552956
1414,0.531515
1415,0.544137
1416,0.550248
1417,0.572494
1418,0.581333
1419,0.566652
1420,0.545086
1421,0.562363
1422,0.522385
1423,0.516875
1424,0.488824
1425,0.523734
1426,0.560884
1427,0.547111
1428,0.543865
1429,0.536093
1430,0.568308
1431,0.569379
1432,0.585476
1433,0.604341
1434,0.646916
1435,0.710203
1436,0.701076
1437,0.707291
1438,0.682046
1439,0.673363
1440,0.664031
1441,0.660644
1442,0.699247
1443,0.676956
1444,0.660317
1445,0.652433
1446,0.669091
1447,0.640769
1448,0.66462
1449,0.659737
1450,0.6518
1451,0.639362
1452,0.626564
1453,0.603219
1454,0.60355
1455,0.505422
1456,0.549444
1457,0.520659
1458,0.509024
1459,0.540977
1460,0.495615
1461,0.494682
1462,0.500593
1463,0.542853
1464,0.53816
1465,0.570606
1466,0.512788
1467,0.495643
1468,0.520271
1469,0.525315
1470,0.506659
1471,0.441321
1472,0.418033
1473,0.440522
1474,0.393349
1475,0.477644
1476,0.49245
1477,0.497644
1478,0.514496
1479,0.517459
1480,0.503819
1481,0.541324
1482,0.563925
1483,0.568263
1484,0.611536
1485,0.611099
1486,0.56799
1487,0.60683
1488,0.572594
1489,0.586378
1490,0.571205
1491,0.58069
1492,0.575022
1493,0.489351
1494,0.51018
1495,0.520175
1496,0.53702
1497,0.552232
1498,0.477387
1499,0.467685
1500,0.488573
1501,0.554309
1502,0.557691
1503,0.548045
1504,0.581358
1505,0.581069
1506,0.593384
1507,0.516944
1508,0.502912
1509,0.527025
1510,0.529376
1511,0.524464
1512,0.504317
1513,0.497325
1514,0.49174
1515,0.490264
1516,0.498519
1517,0.534142
1518,0.560335
1519,0.551905
1520,0.576019
1521,0.595508
1522,0.568776
1523,0.587391
1524,0.546822
1525,0.567939
1526,0.535026
1527,0.571958
1528,0.553235
1529,0.526665
1530,0.51398
1531,0.504086
1532,0.479874
1533,0.506711
1534,0.534016
1535,0.537575
1536,0.536402
1537,0.509682
1538,0.499344
1539,0.459215
1540,0.457792
1541,0.47291
1542,0.450473
1543,0.456623
1544,0.512773
1545,0.518674
1546,0.50029
1547,0.494243
1548,0.470414
1549,0.42148
1550,0.418035
1551,0.438679
1552,0.422355
1553,0.431068
1554,0.424426
1555,0.388621
1556,0.401461
1557,0.380384
1558,0.394817
1559,0.379212
1560,0.398374
1561,0.384572
1562,0.374097
1563,0.374958
1564,0.387756
1565,0.377142
1566,0.364011
1567,0.386957
1568,0.386159
1569,0.384987
1570,0.393299
1571,0.410217
1572,0.401053
1573,0.420022
1574,0.402551
1575,0.418521
1576,0.400431
1577,0.420937
1578,0.411119
1579,0.383584
1580,0.359896
1581,0.37234
1582,0.374877
1583,0.362741
1584,0.357806
1585,0.352428
1586,0.316483
1587,0.279913
1588,0.255986
1589,0.227561
1590,0.191946
1591,0.164399
1592,0.137112
1593,0.0874211
1594,0.06712
1595,0.0672239
1596,0.0144303
1597,0.0805537
1598,0.119326
1599,0.0562867
1600,0.0404486
1601,0.0549181
1602,0.0457481
1603,0.053752
1604,0.0735676
1605,0.0841528
1606,0.0511547
1607,0.11681
1608,0.0711049
1609,0.0491532
1610,0.0542661
1611,0.101994
1612,0.0343021
1613,0.0480729
1614,0.0570584
1615,0.0425052
1616,0.0421702
1617,0.0412649
1618,0.048269
1619,0.050225
1620,0.0688363
1621,0.0522604
1622,0.0329271
1623,0.0490716
1624,0.0417547
1625,0.0375778
1626,0.0553909
1627,0.045728
1628,0.0983297
1629,0.0453357
1630,0.0395835
1631,0.0368781
1632,0.0152593
1633,0.0126493
1634,0.008465
1635,0.0084597
1636,0.0585564
1637,0.0100011
1638,0.0469259
1639,0.054406
1640,0.0845567
1641,0.116576
1642,0.085903
1643,0.136206
1644,0.153968
1645,0.196773
1646,0.201919
1647,0.164307
1648,0.148824
1649,0.18372
1650,0.17615
1651,0.158414
1652,0.152184
1653,0.114738
1654,0.0830683
1655,0.0685299
1656,0.0699134
1657,0.10365
1658,0.113161
1659,0.151476
1660,0.168333
1661,0.179876
1662,0.174563
1663,0.19169
1664,0.191669
1665,0.206629
1666,0.20891
1667,0.181999
1668,0.147123
1669,0.137595
1670,0.116822
1671,0.071159
1672,0.0489496
1673,0.0304252
1674,0.0243953
1675,0.0855066
1676,0.08599
1677,0.0718354
1678,0.101106
1679,0.0831234
1680,0.0765232
1681,0.0575154
1682,0.0627311
1683,0.0771836
1684,0.0947815
1685,0.107281
1686,0.163973
1687,0.164276
1688,0.225276
1689,0.227501
1690,0.242167
1691,0.211515
1692,0.231841
1693,0.251013
1694,0.256152
1695,0.288349
1696,0.275733
1697,0.231455
1698,0.210333
1699,0.174969
1700,0.144876
1701,0.146059
1702,0.157218
1703,0.150511
1704,0.112019
1705,0.0936016
1706,0.0852744
1707,0.0762391
1708,0.102802
1709,0.119931
1710,0.0916361
1711,0.121187
1712,0.0969823
1713,0.0756761
1714,0.0847465
1715,0.0516084
1716,0.0507423
1717,0.0775462
1718,0.0752415
1719,0.0421575
1720,0.117781
1721,0.0738877
1722,0.064423
1723,0.0871773
1724,0.0732983
1725,0.0488044
1726,0.0864543
1727,0.0780179
1728,0.110029
1729,0.0955798
1730,0.0915492
1731,0.0517897
1732,0.103383
1733,0.0873745
1734,0.0736715
1735,0.0622032
1736,0.078248
1737,0.0695625
1738,0.0554704
1739,0.0673108
1740,0.124655
1741,0.0439035
1742,0.0445544
1743,0.065815
1744,0.101821
1745,0.0941656
1746,0.0749584
1747,0.0681663
1748,0.127389
1749,0.0700056
1750,0.132113
1751,0.0563991
1752,0.0412384
1753,0.0704466
1754,0.0961098
1755,0.111337
1756,0.107258
1757,0.106168
1758,0.132299
1759,0.153469
1760,0.133415
1761,0.137022
1762,0.133871
1763,0.126439
1764,0.171401
1765,0.184924
1766,0.189662
1767,0.180653
1768,0.193754
1769,0.198526
1770,0.201409
1771,0.181346
1772,0.187158
1773,0.16475
1774,0.120771
1775,0.105112
1776,0.105546
1777,0.114377
1778,0.124776
1779,0.129989
1780,0.139613
1781,0.13363
1782,0.140038
1783,0.143542
1784,0.144026
1785,0.163886
1786,0.196319
1787,0.20384
1788,0.197379
1789,0.178703
1790,0.212922
1791,0.185868
1792,0.185969
1793,0.1845
1794,0.183948
1795,0.203833
1796,0.205128
1797,0.1985
1798,0.206479
1799,0.209607
1800,0.202679
1801,0.163358
1802,0.201446
1803,0.126788
1804,0.12322
1805,0.127366
1806,0.134218
1807,0.159737
1808,0.161238
1809,0.159859
1810,0.178488
1811,0.190773
1812,0.193826
1813,0.214483
1814,0.222888
1815,0.274478
1816,0.254698
1817,0.252089
1818,0.230051
1819,0.266025
1820,0.234209
1821,0.222252
1822,0.193305
1823,0.25127
1824,0.198773
1825,0.184278
1826,0.0975007
1827,0.1301
1828,0.12026
1829,0.10275
1830,0.122482
1831,0.146731
1832,0.137523
1833,0.184431
1834,0.175697
1835,0.180847
1836,0.187628
1837,0.155974
1838,0.146439
1839,0.164004
1840,0.186112
1841,0.171612
1842,0.165781
1843,0.198724
1844,0.190748
1845,0.217796
1846,0.217393
1847,0.187323
1848,0.241045
1849,0.133587
1850,0.09285
1851,0.0868243
1852,0.0980307
1853,0.106553
1854,0.113272
1855,0.126693
1856,0.133884
1857,0.180817
1858,0.167302
1859,0.183008
1860,0.178552
1861,0.194645
1862,0.178977
1863,0.179588
1864,0.191258
1865,0.208247
1866,0.138335
1867,0.128232
1868,0.120605
1869,0.0963229
1870,0.0745408
1871,0.0654079
1872,0.082022
1873,0.18225
1874,0.0898859
1875,0.099552
1876,0.08689
1877,0.0694119
1878,0.0623198
1879,0.0725
1880,0.0509236
1881,0.071635
1882,0.115941
1883,0.0575927
1884,0.0606342
1885,0.0697141
1886,0.0800915
1887,0.077032
1888,0.0871921
1889,0.0871328
1890,0.200422
1891,0.116217
1892,0.0473255
1893,0.130327
1894,0.10473
1895,0.074421
1896,0.112813
1897,0.0755404
1898,0.263536
1899,0.172842
1900,0.0858341
1901,0.0828287
1902,0.0661595
1903,0.0657916
1904,0.0675281
1905,0.0798752
1906,0.0216496
1907,0.131819
1908,0.185114
1909,0.0781557
1910,0.0610646
1911,0.0868911
1912,0.0509543
