frame,queue density
1,0.0841857
2,0.102459
3,0.112936
4,0.117614
5,0.121672
6,0.125217
7,0.128511
8,0.131964
9,0.133507
10,0.136603
11,0.149496
12,0.154693
13,0.154447
14,0.155489
15,0.155575
16,0.157513
17,0.160755
18,0.162282
19,0.159972
20,0.160821
21,0.161581
22,0.162579
23,0.162874
24,0.163713
25,0.165001
26,0.166421
27,0.168451
28,0.170548
29,0.203297
30,0.217526
31,0.221691
32,0.224406
33,0.231097
34,0.233552
35,0.233321
36,0.230498
37,0.250958
38,0.262014
39,0.269603
40,0.271196
41,0.268919
42,0.269944
43,0.272165
44,0.273475
45,0.275525
46,0.277561
47,0.279703
48,0.273569
49,0.280033
50,0.279631
51,0.277304
52,0.275254
53,0.270787
54,0.256612
55,0.253278
56,0.252308
57,0.24751
58,0.246888
59,0.241002
60,0.250871
61,0.251618
62,0.248562
63,0.245113
64,0.247259
65,0.249116
66,0.250364
67,0.252346
68,0.249823
69,0.248553
70,0.24875
71,0.249228
72,0.248097
73,0.243164
74,0.247146
75,0.247277
76,0.247894
77,0.247754
78,0.249089
79,0.247551
80,0.242235
81,0.24494
82,0.243216
83,0.237499
84,0.237729
85,0.237702
86,0.237729
87,0.23792
88,0.23842
89,0.238508
90,0.236949
91,0.242315
92,0.241874
93,0.238386
94,0.252272
95,0.255221
96,0.25224
97,0.23703
98,0.235907
99,0.236674
100,0.236861
101,0.237009
102,0.238224
103,0.250942
104,0.254756
105,0.256837
106,0.254601
107,0.248327
108,0.251809
109,0.251516
110,0.252432
111,0.251845
112,0.251222
113,0.254322
114,0.254535
115,0.254098
116,0.253274
117,0.262807
118,0.259715
119,0.262139
120,0.260931
121,0.260426
122,0.260917
123,0.260516
124,0.261305
125,0.261928
126,0.262574
127,0.26271
128,0.259261
129,0.269125
130,0.271829
131,0.276452
132,0.277563
133,0.279552
134,0.28033
135,0.282985
136,0.302239
137,0.318284
138,0.335626
139,0.3497
140,0.353908
141,0.367966
142,0.381333
143,0.393975
144,0.405669
145,0.416743
146,0.423147
147,0.425966
148,0.416774
149,0.429564
150,0.439611
151,0.464832
152,0.472827
153,0.468133
154,0.473728
155,0.484964
156,0.482145
157,0.475667
158,0.479539
159,0.48269
160,0.486235
161,0.486228
162,0.486618
163,0.486832
164,0.48943
165,0.483992
166,0.482546
167,0.498929
168,0.511946
169,0.525154
170,0.54838
171,0.559413
172,0.568302
173,0.575736
174,0.578464
175,0.584055
176,0.585234
177,0.588182
178,0.627524
179,0.593968
180,0.597875
181,0.606679
182,0.60723
183,0.617457
184,0.62024
185,0.618515
186,0.616909
187,0.602201
188,0.601009
189,0.598507
190,0.586332
191,0.603742
192,0.611022
193,0.618348
194,0.629244
195,0.638086
196,0.638717
197,0.652251
198,0.653611
199,0.659
200,0.674396
201,0.68307
202,0.700066
203,0.717982
204,0.726321
205,0.734108
206,0.739931
207,0.753394
208,0.820182
209,0.820383
210,0.821687
211,0.821457
212,0.819002
213,0.815848
214,0.811808
215,0.804358
216,0.80268
217,0.801123
218,0.797109
219,0.807044
220,0.806099
221,0.805573
222,0.804372
223,0.802185
224,0.802289
225,0.801202
226,0.800851
227,0.80906
228,0.801752
229,0.802707
230,0.801818
231,0.801993
232,0.795987
233,0.798129
234,0.808154
235,0.808235
236,0.808056
237,0.80834
238,0.808706
239,0.809469
240,0.804358
241,0.805443
242,0.805749
243,0.806287
244,0.806568
245,0.808117
246,0.801382
247,0.801268
248,0.79039
249,0.792927
250,0.79379
251,0.79416
252,0.794705
253,0.801431
254,0.789303
255,0.778388
256,0.788617
257,0.768743
258,0.76934
259,0.776768
260,0.78623
261,0.797832
262,0.797939
263,0.798216
264,0.814455
265,0.824694
266,0.826482
267,0.824773
268,0.843014
269,0.844044
270,0.84473
271,0.835097
272,0.836525
273,0.835325
274,0.841052
275,0.842314
276,0.843024
277,0.844806
278,0.844096
279,0.843963
280,0.844174
281,0.844178
282,0.842809
283,0.842741
284,0.841395
285,0.842151
286,0.840905
287,0.840832
288,0.841077
289,0.840552
290,0.829379
291,0.840886
292,0.830578
293,0.84005
294,0.841004
295,0.825983
296,0.841133
297,0.84151
298,0.841931
299,0.841727
300,0.841809
301,0.842055
302,0.841331
303,0.842161
304,0.842414
305,0.842267
306,0.820823
307,0.820061
308,0.820131
309,0.820215
310,0.822766
311,0.823918
312,0.833746
313,0.833674
314,0.836583
315,0.844046
316,0.844821
317,0.844861
318,0.857461
319,0.858509
320,0.858503
321,0.865692
322,0.866286
323,0.867349
324,0.868792
325,0.868133
326,0.863517
327,0.864522
328,0.864002
329,0.863503
330,0.863894
331,0.863966
332,0.860102
333,0.860927
334,0.861179
335,0.836431
336,0.837223
337,0.856087
338,0.855626
339,0.852729
340,0.852197
341,0.85276
342,0.851987
343,0.851984
344,0.850996
345,0.821772
346,0.831629
347,0.831055
348,0.83066
349,0.831458
350,0.847386
351,0.846687
352,0.845942
353,0.845247
354,0.819219
355,0.819123
356,0.818717
357,0.818694
358,0.820062
359,0.820379
360,0.821637
361,0.82193
362,0.845525
363,0.846347
364,0.847691
365,0.848752
366,0.849812
367,0.850644
368,0.850411
369,0.851443
370,0.849114
371,0.847204
372,0.846766
373,0.844708
374,0.845627
375,0.84455
376,0.844844
377,0.844042
378,0.843418
379,0.841848
380,0.842299
381,0.842549
382,0.843056
383,0.843528
384,0.843214
385,0.842644
386,0.843118
387,0.834734
388,0.84973
389,0.842612
390,0.841609
391,0.842594
392,0.842637
393,0.843603
394,0.842949
395,0.842868
396,0.845808
397,0.846179
398,0.846163
399,0.846716
400,0.846747
401,0.847181
402,0.84717
403,0.847547
404,0.823612
405,0.824186
406,0.824864
407,0.825308
408,0.825245
409,0.825838
410,0.827373
411,0.828878
412,0.850357
413,0.852214
414,0.852478
415,0.849968
416,0.847394
417,0.844653
418,0.84535
419,0.845585
420,0.840425
421,0.838313
422,0.842435
423,0.84331
424,0.846534
425,0.84901
426,0.846207
427,0.839537
428,0.837178
429,0.84128
430,0.848358
431,0.851787
432,0.854333
433,0.854223
434,0.854483
435,0.852552
436,0.851509
437,0.849607
438,0.830491
439,0.831369
440,0.831263
441,0.823099
442,0.821051
443,0.845539
444,0.845314
445,0.836092
446,0.829708
447,0.830824
448,0.843941
449,0.844741
450,0.846126
451,0.847441
452,0.849276
453,0.850048
454,0.828174
455,0.827822
456,0.827165
457,0.826704
458,0.823874
459,0.822979
460,0.822302
461,0.82158
462,0.836585
463,0.837351
464,0.836709
465,0.840364
466,0.835511
467,0.835104
468,0.83837
469,0.838126
470,0.81874
471,0.812016
472,0.816024
473,0.81126
474,0.818932
475,0.809948
476,0.826541
477,0.825595
478,0.819837
479,0.832258
480,0.840927
481,0.843975
482,0.853714
483,0.858461
484,0.862511
485,0.871946
486,0.86991
487,0.872362
488,0.87577
489,0.879651
490,0.870574
491,0.848624
492,0.84846
493,0.847118
494,0.86391
495,0.844498
496,0.854312
497,0.857768
498,0.869904
499,0.856647
500,0.843023
501,0.845625
502,0.853784
503,0.860413
504,0.868764
505,0.806264
506,0.803017
507,0.770121
508,0.803041
509,0.80886
510,0.798847
511,0.778836
512,0.791592
513,0.780923
514,0.813838
515,0.768458
516,0.790991
517,0.730059
518,0.725534
519,0.726542
520,0.710437
521,0.681816
522,0.681945
523,0.653798
524,0.640168
525,0.647742
526,0.651854
527,0.652975
528,0.66013
529,0.655745
530,0.668874
531,0.791014
532,0.68611
533,0.785374
534,0.79122
535,0.792531
536,0.785445
537,0.772478
538,0.757597
539,0.721927
540,0.711991
541,0.708465
542,0.696947
543,0.703085
544,0.697529
545,0.63133
546,0.630041
547,0.648819
548,0.643704
549,0.627286
550,0.601471
551,0.608788
552,0.639685
553,0.634553
554,0.624881
555,0.612259
556,0.588047
557,0.599389
558,0.585754
559,0.604191
560,0.616059
561,0.621793
562,0.64498
563,0.609635
564,0.655481
565,0.671135
566,0.689913
567,0.696173
568,0.672731
569,0.665002
570,0.623973
571,0.609617
572,0.633288
573,0.564291
574,0.553077
575,0.550948
576,0.557203
577,0.523645
578,0.607657
579,0.472506
580,0.454007
581,0.412222
582,0.386973
583,0.359668
584,0.371991
585,0.354177
586,0.370924
587,0.334406
588,0.335777
589,0.371002
590,0.382682
591,0.373115
592,0.380969
593,0.365145
594,0.34403
595,0.33344
596,0.326578
597,0.3079
598,0.299072
599,0.299828
600,0.308291
601,0.336146
602,0.343956
603,0.336148
604,0.312046
605,0.302692
606,0.285884
607,0.293518
608,0.291283
609,0.305592
610,0.283415
611,0.284042
612,0.274521
613,0.253225
614,0.235464
615,0.213902
616,0.189736
617,0.145009
618,0.150206
619,0.177687
620,0.184542
621,0.189342
622,0.176855
623,0.205156
624,0.223472
625,0.227162
626,0.247209
627,0.26145
628,0.277569
629,0.2874
630,0.275067
631,0.277569
632,0.267836
633,0.311442
634,0.347588
635,0.355548
636,0.332872
637,0.319068
638,0.316503
639,0.300653
640,0.292724
641,0.315043
642,0.297726
643,0.297916
644,0.279692
645,0.265249
646,0.231758
647,0.208554
648,0.168932
649,0.120237
650,0.0896866
651,0.0582076
652,0.0395189
653,0.0270255
654,0
655,0
656,0
657,0
658,0
659,0
660,0
661,0
662,0
663,0
664,0
665,0
666,0
667,0.0180898
668,0.0610741
669,0.0998912
670,0.139272
671,0.174516
672,0.217099
673,0.24615
674,0.270172
675,0.302639
676,0.303437
677,0.306685
678,0.294757
679,0.293303
680,0.290513
681,0.24744
682,0.218338
683,0.179071
684,0.145122
685,0.111176
686,0.0808156
687,0.0556612
688,0.0415638
689,0.028287
690,0
691,0
692,0
693,0
694,0
695,0
696,0
697,0
698,0
699,0
700,0.0134295
701,0.0306309
702,0.05825
703,0.0833238
704,0.110964
705,0.141506
706,0.171674
707,0.209137
708,0.242983
709,0.272968
710,0.294528
711,0.29968
712,0.296119
713,0.289994
714,0.280376
715,0.273973
716,0.260655
717,0.25012
718,0.256579
719,0.259089
720,0.250332
721,0.241024
722,0.224688
723,0.208093
724,0.188539
725,0.159135
726,0.132243
727,0.10866
728,0.0827185
729,0.0582808
730,0.0356431
731,0.0261328
732,0.0155996
733,0
734,0
735,0
736,0
737,0
738,0
739,0
740,0
741,0
742,0
743,0
744,0
745,0
746,0
747,0
748,0
749,0
750,0
751,0
752,0
753,0
754,0
755,0
756,0.0274643
757,0.0495825
758,0.06213
759,0.0708961
760,0.0792763
761,0.0853984
762,0.0924535
763,0.0980488
764,0.104255
765,0.107379
766,0.114768
767,0.120955
768,0.119538
769,0.102522
770,0.0862317
771,0.073116
772,0.0645598
773,0.061231
774,0.017583
775,0.039574
776,0.0439788
777,0.0388383
778,0.0239183
779,0.0254491
780,0.0226694
781,0.0169279
782,0
783,0
784,0.0107972
785,0.0123779
786,0.0140476
787,0.0134486
788,0.0146285
789,0.0162939
790,0.0214196
791,0.0209849
792,0.0166215
793,0.012998
794,0
795,0.0386485
796,0.0646594
797,0.0743446
798,0.0845906
799,0.0924185
800,0.0991831
801,0.105823
802,0.112023
803,0.0933599
804,0.0681939
805,0.0433618
806,0.019999
807,0
808,0
809,0
810,0
811,0.0198485
812,0.0380305
813,0.0464054
814,0.0529229
815,0.0582914
816,0.0627512
817,0.0674677
818,0.0718502
819,0.0648407
820,0.0522678
821,0.0355318
822,0.0218076
823,0
824,0
825,0
826,0
827,0.0131963
828,0.0157565
829,0.0179785
830,0.0200891
831,0.0222125
832,0.0232027
833,0.0254247
834,0.0229748
835,0.0154734
836,0.0265007
837,0.0387302
838,0.052254
839,0.06989
840,0.0783042
841,0.0864723
842,0.0929793
843,0.0996326
844,0.104467
845,0.109798
846,0.11543
847,0.11621
848,0.0985968
849,0.0835454
850,0.0573659
851,0.0330373
852,0
853,0
854,0
855,0
856,0
857,0
858,0
859,0
860,0
861,0
862,0
863,0
864,0
865,0
866,0
867,0
868,0
869,0
870,0
871,0
872,0
873,0
874,0
875,0.0155243
876,0.0327522
877,0.0312309
878,0.0480528
879,0.0662835
880,0.0904584
881,0.124359
882,0.155499
883,0.174573
884,0.201395
885,0.218352
886,0.217506
887,0.212454
888,0.190461
889,0.19668
890,0.202563
891,0.198838
892,0.185987
893,0.17789
894,0.141755
895,0.135548
896,0.11834
897,0.0923422
898,0.0811845
899,0.065956
900,0.0678451
901,0.069342
902,0.0705855
903,0.0602557
904,0.0556008
905,0.0736524
906,0.0745174
907,0.0750496
908,0.0751302
909,0.0757058
910,0.0953062
911,0.107965
912,0.0986954
913,0.106555
914,0.112315
915,0.109621
916,0.11076
917,0.128654
918,0.120662
919,0.136635
920,0.13475
921,0.147771
922,0.150108
923,0.146964
924,0.159333
925,0.164735
926,0.151838
927,0.165261
928,0.165395
929,0.15923
930,0.160159
931,0.158444
932,0.158775
933,0.164757
934,0.164773
935,0.16791
936,0.166259
937,0.144647
938,0.157523
939,0.165418
940,0.16775
941,0.177723
942,0.178059
943,0.177349
944,0.174097
945,0.175248
946,0.174084
947,0.177053
948,0.178139
949,0.181311
950,0.180424
951,0.181434
952,0.182303
953,0.18295
954,0.177941
955,0.18082
956,0.187193
957,0.186668
958,0.189222
959,0.18777
960,0.185748
961,0.199688
962,0.182154
963,0.188414
964,0.194446
965,0.190413
966,0.193685
967,0.192467
968,0.1905
969,0.188498
970,0.179881
971,0.182672
972,0.182368
973,0.170122
974,0.171654
975,0.171112
976,0.171464
977,0.175702
978,0.178781
979,0.178619
980,0.184131
981,0.183998
982,0.203142
983,0.230349
984,0.228446
985,0.240504
986,0.254703
987,0.272968
988,0.284234
989,0.296578
990,0.310563
991,0.322294
992,0.342408
993,0.350844
994,0.360538
995,0.380096
996,0.393197
997,0.412119
998,0.431702
999,0.440541
1000,0.455128
1001,0.477977
1002,0.476145
1003,0.481279
1004,0.516146
1005,0.587009
1006,0.567528
1007,0.59205
1008,0.593064
1009,0.601382
1010,0.614712
1011,0.616024
1012,0.639197
1013,0.616754
1014,0.605738
1015,0.607133
1016,0.610153
1017,0.606536
1018,0.607405
1019,0.609639
1020,0.621822
1021,0.646145
1022,0.657942
1023,0.696755
1024,0.696954
1025,0.723852
1026,0.731115
1027,0.730657
1028,0.752024
1029,0.790545
1030,0.771108
1031,0.804305
1032,0.788092
1033,0.799849
1034,0.789899
1035,0.803012
1036,0.799092
1037,0.740496
1038,0.738953
1039,0.73627
1040,0.734856
1041,0.735599
1042,0.733796
1043,0.731763
1044,0.730993
1045,0.706698
1046,0.732314
1047,0.738443
1048,0.743565
1049,0.77038
1050,0.810415
1051,0.811606
1052,0.811929
1053,0.813785
1054,0.801086
1055,0.800946
1056,0.809592
1057,0.809931
1058,0.809588
1059,0.809373
1060,0.810021
1061,0.810479
1062,0.805605
1063,0.827648
1064,0.839906
1065,0.841462
1066,0.839207
1067,0.840096
1068,0.840619
1069,0.841283
1070,0.840071
1071,0.841615
1072,0.842123
1073,0.843143
1074,0.846318
1075,0.847353
1076,0.848629
1077,0.847746
1078,0.84901
1079,0.846286
1080,0.846323
1081,0.847218
1082,0.847848
1083,0.848289
1084,0.84925
1085,0.848348
1086,0.848843
1087,0.846265
1088,0.849228
1089,0.848758
1090,0.848553
1091,0.849171
1092,0.850592
1093,0.849235
1094,0.848026
1095,0.835166
1096,0.835608
1097,0.841818
1098,0.844659
1099,0.877766
1100,0.877015
1101,0.877225
1102,0.877699
1103,0.878097
1104,0.834894
1105,0.837408
1106,0.837038
1107,0.83799
1108,0.839274
1109,0.840976
1110,0.858626
1111,0.857443
1112,0.857571
1113,0.85868
1114,0.859647
1115,0.866651
1116,0.86045
1117,0.867742
1118,0.868557
1119,0.845503
1120,0.849869
1121,0.849264
1122,0.847425
1123,0.845634
1124,0.845241
1125,0.844934
1126,0.843224
1127,0.842574
1128,0.842835
1129,0.834935
1130,0.870592
1131,0.87065
1132,0.835609
1133,0.844514
1134,0.87818
1135,0.878668
1136,0.878696
1137,0.87251
1138,0.872401
1139,0.872398
1140,0.87241
1141,0.872235
1142,0.872372
1143,0.844949
1144,0.879182
1145,0.835916
1146,0.816356
1147,0.816632
1148,0.816556
1149,0.81703
1150,0.817443
1151,0.817859
1152,0.818424
1153,0.819018
1154,0.839375
1155,0.850651
1156,0.849501
1157,0.880679
1158,0.882983
1159,0.843804
1160,0.844029
1161,0.844252
1162,0.82591
1163,0.810937
1164,0.857186
1165,0.840439
1166,0.840687
1167,0.841608
1168,0.857777
1169,0.830684
1170,0.843128
1171,0.843849
1172,0.84402
1173,0.844834
1174,0.845246
1175,0.845389
1176,0.8454
1177,0.845629
1178,0.845711
1179,0.84234
1180,0.842301
1181,0.842843
1182,0.844749
1183,0.846458
1184,0.847297
1185,0.847637
1186,0.847978
1187,0.881767
1188,0.881839
1189,0.879635
1190,0.84982
1191,0.849824
1192,0.85026
1193,0.850459
1194,0.86751
1195,0.867399
1196,0.867506
1197,0.868253
1198,0.815626
1199,0.844481
1200,0.844717
1201,0.81364
1202,0.81576
1203,0.833406
1204,0.834873
1205,0.835174
1206,0.839875
1207,0.85155
1208,0.850784
1209,0.850907
1210,0.85095
1211,0.851894
1212,0.855147
1213,0.856374
1214,0.856502
1215,0.829653
1216,0.829848
1217,0.848515
1218,0.848404
1219,0.843816
1220,0.843977
1221,0.843883
1222,0.843452
1223,0.810489
1224,0.81166
1225,0.811157
1226,0.811483
1227,0.817673
1228,0.818184
1229,0.818819
1230,0.840018
1231,0.840142
1232,0.838226
1233,0.812256
1234,0.814863
1235,0.815089
1236,0.817263
1237,0.816839
1238,0.817645
1239,0.821992
1240,0.838898
1241,0.8389
1242,0.839171
1243,0.839379
1244,0.839276
1245,0.839476
1246,0.839759
1247,0.840756
1248,0.84041
1249,0.840627
1250,0.839626
1251,0.839484
1252,0.839549
1253,0.839809
1254,0.84042
1255,0.840573
1256,0.840728
1257,0.839371
1258,0.83912
1259,0.839573
1260,0.838409
1261,0.838028
1262,0.839143
1263,0.839146
1264,0.840381
1265,0.880472
1266,0.879953
1267,0.87898
1268,0.877267
1269,0.879251
1270,0.822068
1271,0.822735
1272,0.820466
1273,0.834213
1274,0.835972
1275,0.836743
1276,0.836888
1277,0.837202
1278,0.838215
1279,0.846947
1280,0.848613
1281,0.849069
1282,0.847056
1283,0.845937
1284,0.845176
1285,0.845709
1286,0.844118
1287,0.846233
1288,0.848566
1289,0.84923
1290,0.843414
1291,0.845057
1292,0.83101
1293,0.832347
1294,0.833736
1295,0.837536
1296,0.836088
1297,0.851503
1298,0.849794
1299,0.85028
1300,0.8473
1301,0.847562
1302,0.847259
1303,0.847301
1304,0.847293
1305,0.847361
1306,0.847047
1307,0.845572
1308,0.845839
1309,0.846037
1310,0.846436
1311,0.846516
1312,0.847688
1313,0.847768
1314,0.848025
1315,0.842635
1316,0.842328
1317,0.844435
1318,0.844684
1319,0.844825
1320,0.84551
1321,0.84556
1322,0.845799
1323,0.841686
1324,0.841617
1325,0.84152
1326,0.841668
1327,0.84138
1328,0.841894
1329,0.842261
1330,0.842256
1331,0.84296
1332,0.841253
1333,0.841579
1334,0.841592
1335,0.841786
1336,0.841552
1337,0.842812
1338,0.843948
1339,0.844431
1340,0.842369
1341,0.842473
1342,0.844396
1343,0.843495
1344,0.843927
1345,0.843737
1346,0.843626
1347,0.843101
1348,0.841816
1349,0.84182
1350,0.84185
1351,0.841926
1352,0.842765
1353,0.842903
1354,0.842691
1355,0.843009
1356,0.843568
1357,0.844896
1358,0.845304
1359,0.845653
1360,0.845333
1361,0.845492
1362,0.845654
1363,0.8458
1364,0.845918
1365,0.841243
1366,0.844448
1367,0.843143
1368,0.845583
1369,0.846052
1370,0.845833
1371,0.846346
1372,0.847764
1373,0.844776
1374,0.84573
1375,0.845236
1376,0.846656
1377,0.848643
1378,0.849034
1379,0.850312
1380,0.849958
1381,0.8506
1382,0.848269
1383,0.849403
1384,0.892949
1385,0.895576
1386,0.896035
1387,0.897773
1388,0.903758
1389,0.90843
1390,0.911931
1391,0.918898
1392,0.925447
1393,0.933947
1394,0.91611
1395,0.92411
1396,0.930991
1397,0.919399
1398,0.917093
1399,0.918439
1400,0.913794
1401,0.909477
1402,0.922091
1403,0.952212
1404,0.96512
1405,0.956664
1406,0.951393
1407,0.967498
1408,0.96298
1409,0.97136
1410,0.913061
1411,0.900412
1412,0.88615
1413,0.809747
1414,0.775361
1415,0.766293
1416,0.726739
1417,0.729629
1418,0.79861
1419,0.787801
1420,0.734522
1421,0.707043
1422,0.708176
1423,0.725505
1424,0.730087
1425,0.722904
1426,0.730688
1427,0.726644
1428,0.669751
1429,0.672024
1430,0.656793
1431,0.644453
1432,0.650817
1433,0.742696
1434,0.750633
1435,0.750042
1436,0.736552
1437,0.745281
1438,0.769774
1439,0.734432
1440,0.69482
1441,0.679828
1442,0.671435
1443,0.661282
1444,0.649314
1445,0.636819
1446,0.628788
1447,0.628951
1448,0.613509
1449,0.603207
1450,0.606112
1451,0.595418
1452,0.593454
1453,0.582494
1454,0.569333
1455,0.569805
1456,0.589821
1457,0.571501
1458,0.552354
1459,0.536074
1460,0.540321
1461,0.527892
1462,0.51206
1463,0.49695
1464,0.492274
1465,0.470828
1466,0.459778
1467,0.459793
1468,0.43875
1469,0.438749
1470,0.453759
1471,0.447227
1472,0.452483
1473,0.468856
1474,0.453987
1475,0.458473
1476,0.458637
1477,0.468937
1478,0.486437
1479,0.475728
1480,0.480199
1481,0.448463
1482,0.46059
1483,0.475759
1484,0.460859
1485,0.469345
1486,0.45831
1487,0.442805
1488,0.437044
1489,0.451117
1490,0.44953
1491,0.471402
1492,0.435414
1493,0.43235
1494,0.416921
1495,0.434146
1496,0.406053
1497,0.402727
1498,0.390406
1499,0.439789
1500,0.484594
1501,0.53733
1502,0.544303
1503,0.591011
1504,0.607928
1505,0.624813
1506,0.615992
1507,0.613187
1508,0.650071
1509,0.674505
1510,0.710796
1511,0.704854
1512,0.687384
1513,0.677869
1514,0.645411
1515,0.588663
1516,0.571359
1517,0.57908
1518,0.576715
1519,0.588436
1520,0.610914
1521,0.604948
1522,0.589945
1523,0.57601
1524,0.522567
1525,0.528499
1526,0.508992
1527,0.486096
1528,0.517496
1529,0.473205
1530,0.518406
1531,0.50734
1532,0.501863
1533,0.475772
1534,0.465941
1535,0.46167
1536,0.474246
1537,0.451526
1538,0.422996
1539,0.405666
1540,0.363205
1541,0.356888
1542,0.343255
1543,0.357538
1544,0.368729
1545,0.389343
1546,0.411193
1547,0.444018
1548,0.435091
1549,0.462397
1550,0.420276
1551,0.411433
1552,0.401941
1553,0.377299
1554,0.351992
1555,0.350123
1556,0.334543
1557,0.313271
1558,0.28078
1559,0.265947
1560,0.276449
1561,0.281429
1562,0.282413
1563,0.304737
1564,0.295613
1565,0.279367
1566,0.266062
1567,0.301678
1568,0.277368
1569,0.274154
1570,0.324729
1571,0.342497
1572,0.386291
1573,0.377269
1574,0.38144
1575,0.400513
1576,0.400186
1577,0.37296
1578,0.364731
1579,0.343444
1580,0.348188
1581,0.351322
1582,0.348827
1583,0.299675
1584,0.282784
1585,0.257007
1586,0.224124
1587,0.202608
1588,0.171421
1589,0.150506
1590,0.118127
1591,0.0915969
1592,0.0613657
1593,0.0372524
1594,0.022909
1595,0.0106965
1596,0
1597,0
1598,0
1599,0
1600,0
1601,0
1602,0
1603,0
1604,0
1605,0
1606,0
1607,0
1608,0
1609,0
1610,0
1611,0
1612,0
1613,0
1614,0
1615,0
1616,0
1617,0
1618,0
1619,0
1620,0
1621,0
1622,0
1623,0
1624,0
1625,0
1626,0
1627,0
1628,0
1629,0
1630,0
1631,0
1632,0
1633,0
1634,0
1635,0
1636,0
1637,0
1638,0
1639,0.021056
1640,0.0389136
1641,0.0465771
1642,0.0706141
1643,0.102548
1644,0.118376
1645,0.127269
1646,0.135796
1647,0.145146
1648,0.13901
1649,0.12871
1650,0.116648
1651,0.109765
1652,0.088865
1653,0.0719604
1654,0.0533512
1655,0.035007
1656,0.0492751
1657,0.0463174
1658,0.0844825
1659,0.105401
1660,0.116333
1661,0.123745
1662,0.13297
1663,0.139758
1664,0.14896
1665,0.139563
1666,0.116983
1667,0.111996
1668,0.0980297
1669,0.0656475
1670,0.0455456
1671,0.0302387
1672,0.0159081
1673,0
1674,0
1675,0.0123355
1676,0.014691
1677,0.0171738
1678,0.0184873
1679,0.0200966
1680,0.0221786
1681,0.0238907
1682,0.0351724
1683,0.0465538
1684,0.0573627
1685,0.0645672
1686,0.086273
1687,0.117174
1688,0.145267
1689,0.157213
1690,0.195719
1691,0.194303
1692,0.20678
1693,0.19834
1694,0.190178
1695,0.163997
1696,0.129857
1697,0.12561
1698,0.111354
1699,0.0852405
1700,0.0699208
1701,0.0603045
1702,0.0610434
1703,0.0533926
1704,0.0423441
1705,0.0222889
1706,0
1707,0
1708,0
1709,0
1710,0
1711,0
1712,0
1713,0
1714,0
1715,0
1716,0
1717,0
1718,0
1719,0
1720,0
1721,0
1722,0
1723,0
1724,0
1725,0
1726,0
1727,0
1728,0
1729,0
1730,0
1731,0
1732,0
1733,0
1734,0
1735,0
1736,0
1737,0
1738,0
1739,0
1740,0
1741,0
1742,0
1743,0
1744,0
1745,0
1746,0
1747,0
1748,0
1749,0
1750,0
1751,0
1752,0
1753,0.0269417
1754,0.0489761
1755,0.0577846
1756,0.064458
1757,0.0697384
1758,0.0736746
1759,0.0773405
1760,0.0800025
1761,0.0826739
1762,0.0845535
1763,0.0864501
1764,0.125388
1765,0.15274
1766,0.167191
1767,0.177212
1768,0.184835
1769,0.191698
1770,0.195673
1771,0.199467
1772,0.196942
1773,0.18636
1774,0.189274
1775,0.193504
1776,0.194412
1777,0.21694
1778,0.232463
1779,0.235593
1780,0.240754
1781,0.244813
1782,0.249209
1783,0.242811
1784,0.268238
1785,0.283943
1786,0.284158
1787,0.297725
1788,0.297608
1789,0.309424
1790,0.308697
1791,0.314948
1792,0.333095
1793,0.321497
1794,0.321867
1795,0.321906
1796,0.334147
1797,0.346273
1798,0.358047
1799,0.361317
1800,0.362723
1801,0.369752
1802,0.378605
1803,0.379273
1804,0.379362
1805,0.384957
1806,0.404321
1807,0.417188
1808,0.426016
1809,0.431246
1810,0.433889
1811,0.448018
1812,0.46266
1813,0.4702
1814,0.491256
1815,0.493687
1816,0.503755
1817,0.51813
1818,0.517267
1819,0.506839
1820,0.503409
1821,0.498323
1822,0.477641
1823,0.475023
1824,0.470135
1825,0.471689
1826,0.467413
1827,0.489358
1828,0.503641
1829,0.521336
1830,0.538104
1831,0.556897
1832,0.57131
1833,0.598571
1834,0.605259
1835,0.619793
1836,0.626595
1837,0.631993
1838,0.627921
1839,0.625931
1840,0.646106
1841,0.668548
1842,0.677672
1843,0.695738
1844,0.711036
1845,0.723274
1846,0.735584
1847,0.748401
1848,0.756533
1849,0.759933
1850,0.762144
1851,0.766422
1852,0.781837
1853,0.789829
1854,0.79868
1855,0.832509
1856,0.837999
1857,0.829924
1858,0.839926
1859,0.848385
1860,0.850017
1861,0.855535
1862,0.897591
1863,0.899508
1864,0.897967
1865,0.876496
1866,0.878665
1867,0.87939
1868,0.879189
1869,0.881968
1870,0.890525
1871,0.889921
1872,0.8904
1873,0.881022
1874,0.881971
1875,0.882389
1876,0.882206
1877,0.880103
1878,0.881339
1879,0.884382
1880,0.882035
1881,0.893929
1882,0.883664
1883,0.88421
1884,0.869585
1885,0.868703
1886,0.875398
1887,0.875844
1888,0.876863
1889,0.877103
1890,0.874317
1891,0.877133
1892,0.878291
1893,0.878635
1894,0.879216
1895,0.880395
1896,0.887701
1897,0.882717
1898,0.863243
1899,0.87077
1900,0.871577
1901,0.877184
1902,0.877493
1903,0.877485
1904,0.877858
1905,0.878462
1906,0.880248
1907,0.883611
1908,0.885183