frame,queue density
1,0.0245289
2,0.0275852
3,0.0298676
4,0.0305408
5,0.0307062
6,0.0308662
7,0.0309076
8,0.0309966
9,0.0310878
10,0.0310867
11,0.03118
12,0.031162
13,0.0311599
14,0.0311684
15,0.0308588
16,0.0309754
17,0.0449371
18,0.0474146
19,0.0494118
20,0.0510105
21,0.0524523
22,0.0533067
23,0.0535654
24,0.053894
25,0.0540212
26,0.0538675
27,0.0539597
28,0.0538431
29,0.0539915
30,0.0539968
31,0.0538876
32,0.0544145
33,0.0600236
34,0.0606586
35,0.0599568
36,0.0567743
37,0.0557884
38,0.0559114
39,0.0560757
40,0.056927
41,0.0572143
42,0.0570362
43,0.0584292
44,0.0604593
45,0.061954
46,0.0637891
47,0.0633661
48,0.0578026
49,0.0616095
50,0.0625244
51,0.0636343
52,0.0633545
53,0.0618639
54,0.0610317
55,0.0601041
56,0.0609565
57,0.0592561
58,0.0595698
59,0.0596642
60,0.0653347
61,0.0653061
62,0.0624417
63,0.0615205
64,0.0604519
65,0.0596059
66,0.0595592
67,0.0584292
68,0.0569821
69,0.0568549
70,0.0570553
71,0.0572758
72,0.0574168
73,0.0576606
74,0.0576722
75,0.0576595
76,0.0577878
77,0.0583041
78,0.0587748
79,0.0590843
80,0.0592137
81,0.063223
82,0.0627937
83,0.0571804
84,0.0569588
85,0.056716
86,0.0568358
87,0.0569768
88,0.0573001
89,0.0573934
90,0.0563005
91,0.0612872
92,0.0613604
93,0.0580337
94,0.0577857
95,0.0575588
96,0.0573797
97,0.0565517
98,0.0570086
99,0.0572037
100,0.0570192
101,0.0571083
102,0.0571751
103,0.0571899
104,0.0572683
105,0.0570097
106,0.0568655
107,0.0567849
108,0.0567065
109,0.0565199
110,0.0565517
111,0.0565432
112,0.0565008
113,0.0565644
114,0.0565072
115,0.0565369
116,0.0566948
117,0.0566832
118,0.0567192
119,0.0565602
120,0.0565676
121,0.0565125
122,0.0564828
123,0.0568263
124,0.0567022
125,0.0567733
126,0.0567372
127,0.0567966
128,0.0567977
129,0.0568687
130,0.0570044
131,0.0568973
132,0.0568729
133,0.056892
134,0.0570266
135,0.0570595
136,0.0571984
137,0.0573203
138,0.0570213
139,0.0571973
140,0.056803
141,0.0569206
142,0.0571422
143,0.0572312
144,0.056963
145,0.0569217
146,0.0568072
147,0.0568888
148,0.0573542
149,0.0574825
150,0.0574062
151,0.0575768
152,0.0577878
153,0.0580496
154,0.0581482
155,0.0735761
156,0.0733407
157,0.0694215
158,0.0702356
159,0.0750581
160,0.0761744
161,0.0720124
162,0.0726082
163,0.0727672
164,0.0781653
165,0.0728054
166,0.0765709
167,0.0728668
168,0.0731435
169,0.0734457
170,0.0792222
171,0.0797353
172,0.0799346
173,0.0801583
174,0.0803608
175,0.0804572
176,0.0805071
177,0.0804615
178,0.0806778
179,0.0805145
180,0.0815831
181,0.0825414
182,0.0815778
183,0.0827429
184,0.0833312
185,0.0844359
186,0.0849903
187,0.0857207
188,0.0855956
189,0.0861723
190,0.0841687
191,0.0839387
192,0.084157
193,0.0833842
194,0.0845779
195,0.085144
196,0.0804604
197,0.0860557
198,0.0825531
199,0.0814707
200,0.0816743
201,0.0814453
202,0.0823495
203,0.0845556
204,0.0850348
205,0.0866059
206,0.0861946
207,0.0868699
208,0.0893558
209,0.0895042
210,0.0894587
211,0.0894862
212,0.0889657
213,0.0884929
214,0.0876544
215,0.0852129
216,0.0856062
217,0.0864426
218,0.0866642
219,0.0866144
220,0.0868688
221,0.0869526
222,0.0868752
223,0.0869314
224,0.0865773
225,0.086643
226,0.0868349
227,0.087048
228,0.087083
229,0.0867596
230,0.0868656
231,0.0869632
232,0.0874445
233,0.0875049
234,0.0877243
235,0.0881176
236,0.0879342
237,0.0884399
238,0.0882692
239,0.0893145
240,0.0880116
241,0.088776
242,0.0891099
243,0.0891014
244,0.0891587
245,0.0894661
246,0.0878378
247,0.0873586
248,0.0855797
249,0.0862592
250,0.0859635
251,0.0857642
252,0.0860133
253,0.0860716
254,0.0857133
255,0.0853157
256,0.0847115
257,0.0856253
258,0.0857716
259,0.0862592
260,0.086749
261,0.0884219
262,0.0886275
263,0.0889116
264,0.0888364
265,0.087278
266,0.0872208
267,0.0866483
268,0.0877953
269,0.0888321
270,0.0894693
271,0.0889806
272,0.0894163
273,0.0886085
274,0.0885703
275,0.0892816
276,0.0897523
277,0.0907244
278,0.0890357
279,0.0884293
280,0.0889148
281,0.0891385
282,0.0880699
283,0.0879183
284,0.0864045
285,0.0867458
286,0.0852627
287,0.0850899
288,0.0853603
289,0.0843797
290,0.0841772
291,0.084827
292,0.0852649
293,0.084227
294,0.0847655
295,0.0842737
296,0.0846935
297,0.0850846
298,0.0852627
299,0.0848928
300,0.0848599
301,0.0850698
302,0.0855203
303,0.0858288
304,0.0859083
305,0.0852087
306,0.0835432
307,0.0835814
308,0.0839524
309,0.0838782
310,0.0827174
311,0.0828489
312,0.0844539
313,0.085691
314,0.0869907
315,0.0936906
316,0.0932454
317,0.0929327
318,0.0887102
319,0.0892138
320,0.0889848
321,0.0889392
322,0.0889954
323,0.0897566
324,0.0914305
325,0.0910213
326,0.0859274
327,0.0952628
328,0.0944847
329,0.0942239
330,0.0939853
331,0.093415
332,0.0933005
333,0.0935274
334,0.0935443
335,0.0816499
336,0.0816425
337,0.0873331
338,0.0873215
339,0.0823665
340,0.0824545
341,0.0825637
342,0.0825923
343,0.0827418
344,0.0827248
345,0.0822117
346,0.0823994
347,0.0822955
348,0.0820856
349,0.0823008
350,0.0822711
351,0.082392
352,0.0823697
353,0.0824004
354,0.0811304
355,0.0810456
356,0.0817622
357,0.0814485
358,0.082251
359,0.0823146
360,0.0823941
361,0.0823941
362,0.082833
363,0.0828616
364,0.0828298
365,0.0829634
366,0.0830047
367,0.0830248
368,0.0830089
369,0.0833948
370,0.0820697
371,0.082058
372,0.0820305
373,0.0819276
374,0.0813562
375,0.0813806
376,0.082146
377,0.0821036
378,0.0823315
379,0.0826156
380,0.0838189
381,0.0840086
382,0.0846733
383,0.0849807
384,0.084914
385,0.084439
386,0.085426
387,0.0842525
388,0.0917072
389,0.0841009
390,0.0831998
391,0.0837054
392,0.083327
393,0.0830471
394,0.0829581
395,0.0818672
396,0.0820813
397,0.0819541
398,0.0818259
399,0.08211
400,0.0822181
401,0.0826135
402,0.0827291
403,0.0828319
404,0.082058
405,0.0820453
406,0.0820029
407,0.0824418
408,0.0820824
409,0.0823442
410,0.0834478
411,0.0835358
412,0.08368
413,0.0853507
414,0.0863695
415,0.0874052
416,0.0849913
417,0.0821661
418,0.0823336
419,0.0817485
420,0.0805929
421,0.0806809
422,0.081247
423,0.0815216
424,0.0815322
425,0.0815269
426,0.0770776
427,0.0760875
428,0.075991
429,0.0774582
430,0.0831796
431,0.084667
432,0.0854525
433,0.0865158
434,0.0872621
435,0.0863822
436,0.086237
437,0.0847496
438,0.0836058
439,0.0825584
440,0.0824937
441,0.0824397
442,0.0824375
443,0.08271
444,0.0827524
445,0.0829782
446,0.0831203
447,0.0834542
448,0.0843659
449,0.0853518
450,0.0869155
451,0.0880752
452,0.090012
453,0.0908039
454,0.0905813
455,0.0901774
456,0.0889806
457,0.0885353
458,0.0865264
459,0.086361
460,0.0862073
461,0.0861342
462,0.0847072
463,0.0859688
464,0.0851928
465,0.0846617
466,0.0837097
467,0.0832231
468,0.0822541
469,0.0819032
470,0.0865444
471,0.0865677
472,0.0863769
473,0.0868699
474,0.0881219
475,0.0851069
476,0.094349
477,0.0973629
478,0.0900354
479,0.100353
480,0.102756
481,0.10073
482,0.104943
483,0.103377
484,0.102878
485,0.106348
486,0.0920538
487,0.101158
488,0.104976
489,0.1094
490,0.10719
491,0.108841
492,0.106394
493,0.11012
494,0.115795
495,0.12082
496,0.120913
497,0.120113
498,0.134494
499,0.124816
500,0.108605
501,0.111263
502,0.118321
503,0.122942
504,0.124927
505,0.123743
506,0.108861
507,0.104325
508,0.104501
509,0.101565
510,0.0943712
511,0.0932263
512,0.0898615
513,0.0876035
514,0.0928966
515,0.087014
516,0.0945864
517,0.0999135
518,0.0973639
519,0.0957557
520,0.0973904
521,0.0841645
522,0.0873406
523,0.0749256
524,0.0784759
525,0.0908485
526,0.0926422
527,0.0912344
528,0.0928139
529,0.0919065
530,0.0964522
531,0.108056
532,0.108212
533,0.103425
534,0.10029
535,0.117636
536,0.11176
537,0.107337
538,0.128294
539,0.115708
540,0.125751
541,0.137039
542,0.132968
543,0.129912
544,0.135391
545,0.109521
546,0.110898
547,0.102248
548,0.106124
549,0.0979661
550,0.0843521
551,0.091881
552,0.0971678
553,0.0958363
554,0.0875324
555,0.0836206
556,0.0632188
557,0.0706014
558,0.0736662
559,0.0906396
560,0.102854
561,0.11617
562,0.126142
563,0.11402
564,0.108397
565,0.114703
566,0.119044
567,0.113666
568,0.11979
569,0.120955
570,0.11701
571,0.10428
572,0.108722
573,0.0784017
574,0.071583
575,0.0940161
576,0.104291
577,0.109838
578,0.114815
579,0.113755
580,0.106435
581,0.0987887
582,0.0904721
583,0.0621131
584,0.0588776
585,0.0542576
586,0.0712809
587,0.0661839
588,0.0582277
589,0.08114
590,0.0687907
591,0.073081
592,0.0723378
593,0.0663249
594,0.0453771
595,0.0446647
596,0.0546022
597,0.0440413
598,0.0470054
599,0.0444611
600,0.0595115
601,0.0760133
602,0.0918227
603,0.0912291
604,0.0863133
605,0.0739513
606,0.0646382
607,0.0544908
608,0.0648132
609,0.0770638
610,0.0606119
611,0.0821121
612,0.0903025
613,0.0945133
614,0.0891491
615,0.0699865
616,0.0444961
617,0
618,0.0161476
619,0.0206531
620,0.0198686
621,0.0339692
622,0.0224065
623,0.0270297
624,0.0346243
625,0.0394754
626,0.0436395
627,0.0422731
628,0.0601508
629,0.0734128
630,0.0644517
631,0.0645799
632,0.0561584
633,0.0687727
634,0.0834489
635,0.0853359
636,0.0551651
637,0.0459421
638,0.041638
639,0.038127
640,0.0290693
641,0.0350251
642,0.0262579
643,0.0456219
644,0.0730333
645,0.0857642
646,0.0820156
647,0.0901774
648,0.0865296
649,0.0798286
650,0.0560058
651,0.0485871
652,0.0366746
653,0.0270255
654,0
655,0
656,0
657,0
658,0
659,0
660,0
661,0
662,0
663,0
664,0
665,0
666,0
667,0
668,0
669,0
670,0
671,0
672,0
673,0
674,0.0176594
675,0.0496451
676,0.0432865
677,0.0344664
678,0.0396026
679,0.0628106
680,0.0646987
681,0.0581122
682,0.0556485
683,0.0466948
684,0.0449202
685,0.0292156
686,0.035624
687,0.0321055
688,0.0405652
689,0.028287
690,0
691,0
692,0
693,0
694,0
695,0
696,0
697,0
698,0
699,0
700,0
701,0
702,0
703,0
704,0
705,0
706,0
707,0
708,0
709,0
710,0.0175682
711,0.0219995
712,0.0194732
713,0.018712
714,0.0304369
715,0.0376902
716,0.0392337
717,0.0477167
718,0.0618512
719,0.0690292
720,0.0756327
721,0.0798297
722,0.0805092
723,0.0810785
724,0.0791692
725,0.0689646
726,0.0644368
727,0.0625297
728,0.0478079
729,0.0377167
730,0.0263438
731,0.0260226
732,0.0155996
733,0
734,0
735,0
736,0
737,0
738,0
739,0
740,0
741,0
742,0
743,0
744,0
745,0
746,0
747,0
748,0
749,0
750,0
751,0
752,0
753,0
754,0
755,0
756,0
757,0
758,0
759,0
760,0
761,0
762,0
763,0
764,0
765,0
766,0.0153313
767,0.0424437
768,0.0476044
769,0.0449286
770,0.0402207
771,0.0381916
772,0.0291457
773,0.0253229
774,0
775,0
776,0.0121436
777,0.0122061
778,0
779,0
780,0.0119008
781,0.0133638
782,0
783,0
784,0
785,0
786,0
787,0
788,0
789,0
790,0
791,0
792,0
793,0.0110771
794,0
795,0
796,0
797,0
798,0
799,0
800,0
801,0
802,0.037617
803,0.0449191
804,0.0440689
805,0.0417229
806,0.019999
807,0
808,0
809,0
810,0
811,0
812,0
813,0
814,0
815,0
816,0
817,0
818,0.0175078
819,0.0311408
820,0.030826
821,0.0284343
822,0.0218076
823,0
824,0
825,0
826,0
827,0
828,0
829,0
830,0
831,0
832,0
833,0
834,0.0130977
835,0.0119464
836,0
837,0
838,0
839,0
840,0
841,0
842,0
843,0
844,0
845,0
846,0.0210337
847,0.0410709
848,0.0379276
849,0.0578111
850,0.0537912
851,0.0330395
852,0
853,0
854,0
855,0
856,0
857,0
858,0
859,0
860,0
861,0
862,0
863,0
864,0
865,0
866,0
867,0
868,0
869,0
870,0
871,0
872,0
873,0
874,0
875,0
876,0
877,0
878,0
879,0
880,0
881,0
882,0
883,0
884,0.0120153
885,0.0300871
886,0.033207
887,0.0197245
888,0.0147069
889,0.0333617
890,0.0547718
891,0.0395316
892,0.0555912
893,0.0651248
894,0.0654249
895,0.0598889
896,0.0530745
897,0.0302832
898,0.0160056
899,0
900,0
901,0
902,0
903,0
904,0
905,0
906,0
907,0
908,0
909,0
910,0
911,0
912,0
913,0
914,0.0119878
915,0
916,0
917,0
918,0
919,0.0133744
920,0
921,0.01984
922,0.0149031
923,0.0129906
924,0.0272195
925,0.025818
926,0.0261509
927,0.0252084
928,0.0262547
929,0.012997
930,0.0138748
931,0
932,0
933,0.0202725
934,0.033296
935,0.0357481
936,0.0352042
937,0.0141408
938,0.0289146
939,0.0358742
940,0.0382648
941,0.0479669
942,0.0449371
943,0.0494723
944,0.0451237
945,0.047634
946,0.0468199
947,0.0460396
948,0.0467881
949,0.03624
950,0.0363438
951,0.0363216
952,0.0344992
953,0.0409818
954,0.0449329
955,0.0528233
956,0.0547665
957,0.056486
958,0.0587387
959,0.0540011
960,0.0507274
961,0.0534763
962,0.0320536
963,0.0333437
964,0.0368813
965,0.032484
966,0.0178597
967,0.0174823
968,0.0161582
969,0.0332186
970,0.0305344
971,0.0310157
972,0.0307422
973,0.0296089
974,0.0308853
975,0.0305196
976,0.0308069
977,0.0347537
978,0.0237359
979,0.0288669
980,0.0462782
981,0.0332218
982,0.0399376
983,0.0398284
984,0.0378524
985,0.0336692
986,0.0343201
987,0.0290619
988,0.0286188
989,0.0289824
990,0.0290068
991,0.0293089
992,0.0385372
993,0.0385065
994,0.0389581
995,0.0396864
996,0.0409755
997,0.0430013
998,0.0433024
999,0.044583
1000,0.0446689
1001,0.0530099
1002,0.0394065
1003,0.0508366
1004,0.0668592
1005,0.066961
1006,0.0677868
1007,0.0708325
1008,0.0716127
1009,0.0720707
1010,0.07361
1011,0.0741941
1012,0.0761097
1013,0.0775186
1014,0.076133
1015,0.0756253
1016,0.0737828
1017,0.0740245
1018,0.0739153
1019,0.0743648
1020,0.0742089
1021,0.0745015
1022,0.0756783
1023,0.0767023
1024,0.0771889
1025,0.0779882
1026,0.0817145
1027,0.0814601
1028,0.0794819
1029,0.0768942
1030,0.0767204
1031,0.0773034
1032,0.0784611
1033,0.0806799
1034,0.0807954
1035,0.0810721
1036,0.0824757
1037,0.0822011
1038,0.0818439
1039,0.0825488
1040,0.0839037
1041,0.0834574
1042,0.0826633
1043,0.0830248
1044,0.0837839
1045,0.0785236
1046,0.0799198
1047,0.0808124
1048,0.079677
1049,0.0786158
1050,0.0788851
1051,0.0790833
1052,0.079201
1053,0.0792848
1054,0.0683985
1055,0.0687568
1056,0.0757048
1057,0.0760345
1058,0.0762454
1059,0.0767416
1060,0.0778928
1061,0.0789858
1062,0.0792699
1063,0.0779109
1064,0.0808399
1065,0.0795519
1066,0.0771592
1067,0.0771762
1068,0.0771677
1069,0.0774508
1070,0.0766281
1071,0.0776352
1072,0.0782045
1073,0.0780688
1074,0.0780752
1075,0.0787971
1076,0.0798721
1077,0.0785554
1078,0.0796855
1079,0.0781928
1080,0.0782586
1081,0.0788533
1082,0.0792243
1083,0.0796272
1084,0.0799336
1085,0.0787759
1086,0.0792339
1087,0.0786614
1088,0.0793706
1089,0.0787876
1090,0.0784568
1091,0.0791607
1092,0.0807149
1093,0.0798964
1094,0.0796993
1095,0.0758288
1096,0.0762051
1097,0.0753125
1098,0.0765666
1099,0.077155
1100,0.0762232
1101,0.0763779
1102,0.0764511
1103,0.0763302
1104,0.0676755
1105,0.0682585
1106,0.0679882
1107,0.0689179
1108,0.0696907
1109,0.0711336
1110,0.0723845
1111,0.0732866
1112,0.0752065
1113,0.076167
1114,0.0768592
1115,0.0770638
1116,0.076926
1117,0.0772949
1118,0.0781462
1119,0.078918
1120,0.083116
1121,0.0819679
1122,0.0811877
1123,0.0786349
1124,0.077772
1125,0.0771688
1126,0.0753888
1127,0.0743711
1128,0.0747104
1129,0.0744835
1130,0.0751206
1131,0.0745121
1132,0.0746203
1133,0.0750125
1134,0.0755457
1135,0.0761712
1136,0.0759094
1137,0.0761871
1138,0.0755722
1139,0.0755659
1140,0.0758797
1141,0.0755479
1142,0.075145
1143,0.074809
1144,0.0749372
1145,0.0688692
1146,0.0689858
1147,0.0693324
1148,0.0693929
1149,0.0694543
1150,0.0696271
1151,0.0699929
1152,0.0700586
1153,0.0704349
1154,0.0741803
1155,0.0734531
1156,0.0728361
1157,0.073734
1158,0.0737711
1159,0.0742683
1160,0.0742535
1161,0.0744856
1162,0.0686593
1163,0.0688077
1164,0.069061
1165,0.0691119
1166,0.069114
1167,0.0697194
1168,0.0694459
1169,0.0697374
1170,0.0699452
1171,0.0702113
1172,0.0705325
1173,0.0707116
1174,0.0707615
1175,0.0708441
1176,0.0708357
1177,0.070859
1178,0.0709841
1179,0.0681663
1180,0.0682161
1181,0.0680963
1182,0.0685829
1183,0.0688692
1184,0.0686974
1185,0.0687547
1186,0.0687515
1187,0.072429
1188,0.0724269
1189,0.0729103
1190,0.0713053
1191,0.071141
1192,0.0711187
1193,0.0712587
1194,0.0716626
1195,0.0716626
1196,0.072005
1197,0.0721099
1198,0.0673691
1199,0.067614
1200,0.0677126
1201,0.0676564
1202,0.0680762
1203,0.0687695
1204,0.0712141
1205,0.0715385
1206,0.0755171
1207,0.0777508
1208,0.0766663
1209,0.0765719
1210,0.0766525
1211,0.0773776
1212,0.0806025
1213,0.081669
1214,0.0815926
1215,0.075321
1216,0.0749001
1217,0.0749913
1218,0.0746553
1219,0.0700173
1220,0.0701742
1221,0.0703374
1222,0.0705537
1223,0.0702939
1224,0.0707244
1225,0.0705961
1226,0.0706385
1227,0.0707922
1228,0.070754
1229,0.0709438
1230,0.0709078
1231,0.0709979
1232,0.0703024
1233,0.0703586
1234,0.0715968
1235,0.0716785
1236,0.0715809
1237,0.071477
1238,0.0716021
1239,0.071529
1240,0.0698042
1241,0.0697745
1242,0.0700416
1243,0.0697597
1244,0.0697109
1245,0.0695169
1246,0.0699802
1247,0.0697766
1248,0.0684356
1249,0.0681398
1250,0.0690621
1251,0.0690239
1252,0.0689974
1253,0.0689434
1254,0.0690504
1255,0.0690155
1256,0.0693356
1257,0.0678218
1258,0.0685108
1259,0.0683698
1260,0.0684069
1261,0.068479
1262,0.06862
1263,0.0698657
1264,0.0699865
1265,0.0749924
1266,0.0746075
1267,0.0747432
1268,0.0748355
1269,0.0749203
1270,0.073539
1271,0.0740573
1272,0.0729167
1273,0.0699568
1274,0.0704402
1275,0.0710487
1276,0.0710763
1277,0.0710922
1278,0.0711495
1279,0.0713403
1280,0.0714781
1281,0.07137
1282,0.0709851
1283,0.0697522
1284,0.0703565
1285,0.0702833
1286,0.0701752
1287,0.0702674
1288,0.0702643
1289,0.0702123
1290,0.0691405
1291,0.0700533
1292,0.0699611
1293,0.0703236
1294,0.0703427
1295,0.0706586
1296,0.0707053
1297,0.0719382
1298,0.0705887
1299,0.0709088
1300,0.0705049
1301,0.0709099
1302,0.0708717
1303,0.0709767
1304,0.0708346
1305,0.0709915
1306,0.0709735
1307,0.0703395
1308,0.0705335
1309,0.070754
1310,0.070789
1311,0.0709523
1312,0.0708972
1313,0.0708759
1314,0.0710392
1315,0.0688395
1316,0.0689359
1317,0.0690685
1318,0.0692084
1319,0.0694395
1320,0.0697268
1321,0.0697448
1322,0.0699314
1323,0.069837
1324,0.0702494
1325,0.0702685
1326,0.070348
1327,0.0699271
1328,0.0692413
1329,0.0697194
1330,0.0697395
1331,0.0697003
1332,0.0676924
1333,0.0678663
1334,0.0689805
1335,0.0694257
1336,0.0689264
1337,0.0695105
1338,0.0697872
1339,0.0698943
1340,0.0681748
1341,0.0684133
1342,0.0689815
1343,0.0692805
1344,0.0696536
1345,0.0693918
1346,0.0692752
1347,0.0691681
1348,0.0687313
1349,0.0691342
1350,0.0692391
1351,0.0690706
1352,0.0692328
1353,0.0692222
1354,0.0692285
1355,0.0693345
1356,0.0697586
1357,0.0692656
1358,0.0696483
1359,0.0698667
1360,0.0698264
1361,0.0699123
1362,0.0698869
1363,0.0698964
1364,0.0699081
1365,0.0702102
1366,0.0711336
1367,0.0703766
1368,0.072393
1369,0.0725721
1370,0.0724534
1371,0.0725594
1372,0.0728605
1373,0.0705579
1374,0.0707392
1375,0.0709215
1376,0.07107
1377,0.0714696
1378,0.0714675
1379,0.0717643
1380,0.071812
1381,0.0725997
1382,0.0714039
1383,0.0729357
1384,0.0742673
1385,0.0764405
1386,0.0765698
1387,0.077084
1388,0.080171
1389,0.0845079
1390,0.0846352
1391,0.0880667
1392,0.0891056
1393,0.0970045
1394,0.0994205
1395,0.102313
1396,0.104283
1397,0.114952
1398,0.109361
1399,0.1081
1400,0.103943
1401,0.111954
1402,0.113112
1403,0.12481
1404,0.139725
1405,0.148917
1406,0.150756
1407,0.152757
1408,0.151171
1409,0.145354
1410,0.112245
1411,0.099887
1412,0.0950031
1413,0.0985396
1414,0.110418
1415,0.129815
1416,0.109093
1417,0.120828
1418,0.134227
1419,0.140794
1420,0.145125
1421,0.148516
1422,0.144468
1423,0.139772
1424,0.145469
1425,0.142227
1426,0.129554
1427,0.146444
1428,0.10273
1429,0.107751
1430,0.111562
1431,0.11003
1432,0.10794
1433,0.0956571
1434,0.0938507
1435,0.0894799
1436,0.0803438
1437,0.0866918
1438,0.094967
1439,0.0942907
1440,0.0882809
1441,0.0825775
1442,0.0919436
1443,0.0961957
1444,0.0992424
1445,0.101586
1446,0.116167
1447,0.108895
1448,0.0970925
1449,0.0996569
1450,0.105193
1451,0.106451
1452,0.106488
1453,0.109724
1454,0.108569
1455,0.109088
1456,0.116177
1457,0.111602
1458,0.104514
1459,0.102495
1460,0.105138
1461,0.10521
1462,0.1125
1463,0.113062
1464,0.113721
1465,0.109687
1466,0.108646
1467,0.0966526
1468,0.107721
1469,0.103186
1470,0.100145
1471,0.0990855
1472,0.106032
1473,0.115525
1474,0.0962434
1475,0.0922584
1476,0.100435
1477,0.102469
1478,0.0989827
1479,0.102039
1480,0.103999
1481,0.0999326
1482,0.105981
1483,0.122704
1484,0.119931
1485,0.118957
1486,0.108346
1487,0.10938
1488,0.111314
1489,0.11118
1490,0.10377
1491,0.0890251
1492,0.0506575
1493,0.0544855
1494,0.0566906
1495,0.0759253
1496,0.0693017
1497,0.0458584
1498,0.0354374
1499,0.0353314
1500,0.0327172
1501,0.0468877
1502,0.0577147
1503,0.0748429
1504,0.0771539
1505,0.0996336
1506,0.0928743
1507,0.111858
1508,0.117566
1509,0.12238
1510,0.135152
1511,0.140547
1512,0.127278
1513,0.125692
1514,0.119368
1515,0.0930185
1516,0.0694384
1517,0.0686253
1518,0.0761415
1519,0.0800152
1520,0.0928977
1521,0.111598
1522,0.109183
1523,0.108671
1524,0.0994714
1525,0.0969144
1526,0.0992424
1527,0.10944
1528,0.115635
1529,0.113696
1530,0.102197
1531,0.0904414
1532,0.105642
1533,0.103557
1534,0.0962943
1535,0.10526
1536,0.102678
1537,0.0910414
1538,0.0763419
1539,0.0551608
1540,0.0547781
1541,0.0500638
1542,0.0456538
1543,0.0556771
1544,0.0579807
1545,0.0693176
1546,0.0925553
1547,0.100902
1548,0.107276
1549,0.104713
1550,0.0963505
1551,0.0801466
1552,0.0779935
1553,0.0712926
1554,0.0780094
1555,0.0708579
1556,0.0570012
1557,0.0489687
1558,0.0444378
1559,0.0185817
1560,0.0388181
1561,0.0580581
1562,0.0653846
1563,0.0542502
1564,0.0482849
1565,0.0551418
1566,0.0601784
1567,0.0621745
1568,0.0567266
1569,0.034054
1570,0.0394945
1571,0.0416243
1572,0.0404878
1573,0.0464965
1574,0.0542237
1575,0.0685395
1576,0.0722636
1577,0.0711198
1578,0.0695688
1579,0.0521809
1580,0.0757048
1581,0.0876946
1582,0.0868126
1583,0.0844199
1584,0.0730926
1585,0.0893336
1586,0.0915026
1587,0.0907732
1588,0.0759921
1589,0.0891152
1590,0.0764172
1591,0.068761
1592,0.055022
1593,0.0370001
1594,0.022909
1595,0.0106965
1596,0
1597,0
1598,0
1599,0
1600,0
1601,0
1602,0
1603,0
1604,0
1605,0
1606,0
1607,0
1608,0
1609,0
1610,0
1611,0
1612,0
1613,0
1614,0
1615,0
1616,0
1617,0
1618,0
1619,0
1620,0
1621,0
1622,0
1623,0
1624,0
1625,0
1626,0
1627,0
1628,0
1629,0
1630,0
1631,0
1632,0
1633,0
1634,0
1635,0
1636,0
1637,0
1638,0
1639,0
1640,0
1641,0
1642,0
1643,0
1644,0
1645,0
1646,0.0119994
1647,0.0281789
1648,0.0291308
1649,0.0286591
1650,0.0293535
1651,0.0432335
1652,0.0415246
1653,0.0424246
1654,0.0417419
1655,0.0349
1656,0.0186039
1657,0
1658,0
1659,0
1660,0
1661,0
1662,0
1663,0
1664,0.0295178
1665,0.0369375
1666,0.029681
1667,0.0483454
1668,0.057826
1669,0.0404762
1670,0.0344717
1671,0.0300478
1672,0.0159081
1673,0
1674,0
1675,0
1676,0
1677,0
1678,0
1679,0
1680,0
1681,0
1682,0.0125263
1683,0.0136256
1684,0.0113559
1685,0
1686,0
1687,0
1688,0
1689,0
1690,0
1691,0.0140804
1692,0.0291033
1693,0.0322232
1694,0.037528
1695,0.0303966
1696,0
1697,0.0295994
1698,0.0410295
1699,0.0281852
1700,0.0119973
1701,0
1702,0.0164074
1703,0.0386761
1704,0.0408748
1705,0.0222889
1706,0
1707,0
1708,0
1709,0
1710,0
1711,0
1712,0
1713,0
1714,0
1715,0
1716,0
1717,0
1718,0
1719,0
1720,0
1721,0
1722,0
1723,0
1724,0
1725,0
1726,0
1727,0
1728,0
1729,0
1730,0
1731,0
1732,0
1733,0
1734,0
1735,0
1736,0
1737,0
1738,0
1739,0
1740,0
1741,0
1742,0
1743,0
1744,0
1745,0
1746,0
1747,0
1748,0
1749,0
1750,0
1751,0
1752,0
1753,0
1754,0
1755,0
1756,0
1757,0
1758,0
1759,0
1760,0
1761,0
1762,0
1763,0
1764,0
1765,0
1766,0
1767,0.0160077
1768,0.0211196
1769,0.0261509
1770,0.0296301
1771,0.0321871
1772,0.0354279
1773,0.0357989
1774,0.0338589
1775,0.0383252
1776,0.0388351
1777,0.0378662
1778,0.0381047
1779,0.05102
1780,0.0561637
1781,0.0605367
1782,0.064475
1783,0.0679893
1784,0.0697268
1785,0.0698657
1786,0.0699208
1787,0.0701286
1788,0.0704689
1789,0.0705653
1790,0.0717166
1791,0.0716975
1792,0.0718057
1793,0.0717781
1794,0.0841952
1795,0.089183
1796,0.0913806
1797,0.0919711
1798,0.0904212
1799,0.0901085
1800,0.0913912
1801,0.0914803
1802,0.0913319
1803,0.089905
1804,0.089765
1805,0.0879374
1806,0.0880625
1807,0.0871985
1808,0.0872759
1809,0.0872929
1810,0.0868614
1811,0.0867575
1812,0.0867511
1813,0.0868996
1814,0.0868794
1815,0.0864299
1816,0.0866398
1817,0.0866101
1818,0.085972
1819,0.0860144
1820,0.0860504
1821,0.0859253
1822,0.0862932
1823,0.0858151
1824,0.0858691
1825,0.0850041
1826,0.0859932
1827,0.0865656
1828,0.0868338
1829,0.0873819
1830,0.091951
1831,0.0944179
1832,0.0951865
1833,0.0980466
1834,0.0958554
1835,0.0961893
1836,0.0965349
1837,0.105
1838,0.1047
1839,0.101396
1840,0.10068
1841,0.0988703
1842,0.0881208
1843,0.0890187
1844,0.0893028
1845,0.0893792
1846,0.0894428
1847,0.0980286
1848,0.0935083
1849,0.0936419
1850,0.0943362
1851,0.0943055
1852,0.0943532
1853,0.0945345
1854,0.0984209
1855,0.112614
1856,0.108691
1857,0.0932305
1858,0.0938772
1859,0.0937362
1860,0.0937691
1861,0.0940458
1862,0.0941645
1863,0.0942472
1864,0.0943797
1865,0.107918
1866,0.112346
1867,0.112165
1868,0.112154
1869,0.112495
1870,0.108468
1871,0.108688
1872,0.108679
1873,0.108211
1874,0.108504
1875,0.110417
1876,0.110381
1877,0.110194
1878,0.110252
1879,0.111213
1880,0.111695
1881,0.110294
1882,0.114103
1883,0.114411
1884,0.114968
1885,0.114671
1886,0.115131
1887,0.115396
1888,0.115263
1889,0.115469
1890,0.115461
1891,0.115984
1892,0.116107
1893,0.116053
1894,0.115928
1895,0.117309
1896,0.125933
1897,0.119053
1898,0.107742
1899,0.115954
1900,0.117605
1901,0.117422
1902,0.117402
1903,0.117293
1904,0.117397
1905,0.117807
1906,0.117997
1907,0.120157
1908,0.120474
1909,0.120754
1910,0.120855
1911,0.12094
1912,0.121179
