frame,dynamic density
0.0666667,0.504
0.266667,0.63
0.466667,0.658
0.666667,0.63
0.866667,0.343
1.06667,0.273
1.26667,0.287
1.46667,0.322
1.66667,0.336
1.86667,0.406
2.06667,0.357
2.26667,0.378
2.46667,0.406
2.66667,0.392
2.86667,0.427
3.06667,0.413
3.26667,0.392
3.46667,0.413
3.66667,0.35
3.86667,0.336
4.06667,0.287
4.26667,0.119
4.46667,0.084
4.66667,0.119
4.86667,0.119
5.06667,0.147
5.26667,0.161
5.46667,0.28
5.66667,0.315
5.86667,0.322
6.06667,0.385
6.26667,0.42
6.46667,0.378
6.66667,0.315
6.86667,0.315
7.06667,0.371
7.26667,0.35
7.46667,0.357
7.66667,0.378
7.86667,0.378
8.06667,0.385
8.26667,0.392
8.46667,0.441
8.66667,0.434
8.86667,0.448
9.06667,0.434
9.26667,0.441
9.46667,0.336
9.66667,0.315
9.86667,0.343
10.0667,0.343
10.2667,0.329
10.4667,0.301
10.6667,0.336
10.8667,0.385
11.0667,0.231
11.2667,0.322
11.4667,0.252
11.6667,0.301
11.8667,0.245
12.0667,0.217
12.2667,0.231
12.4667,0.035
12.6667,0.014
12.8667,0.014
13.0667,0.035
13.2667,0.035
13.4667,0.021
13.6667,0.035
13.8667,0.042
14.0667,0.014
14.2667,0.021
14.4667,0
14.6667,0.028
14.8667,0.014
15.0667,0.014
15.2667,0.014
15.4667,0.028
15.6667,0.042
15.8667,0.056
16.0667,0.021
16.2667,0.014
16.4667,0.014
16.6667,0
16.8667,0
17.0667,0
17.2667,0.007
17.4667,0.014
17.6667,0.007
17.8667,0
18.0667,0
18.2667,0.021
18.4667,0.014
18.6667,0.07
18.8667,0.077
19.0667,0.084
19.2667,0.07
19.4667,0.035
19.6667,0.07
19.8667,0
20.0667,0
20.2667,0.007
20.4667,0.028
20.6667,0.014
20.8667,0.035
21.0667,0.014
21.2667,0.049
21.4667,0.063
21.6667,0.049
21.8667,0.035
22.0667,0.035
22.2667,0.035
22.4667,0.049
22.6667,0.056
22.8667,0.063
23.0667,0.147
23.2667,0.154
23.4667,0.175
23.6667,0.196
23.8667,0.175
24.0667,0.168
24.2667,0.175
24.4667,0.154
24.6667,0.14
24.8667,0.175
25.0667,0.168
25.2667,0.161
25.4667,0.189
25.6667,0.245
25.8667,0.259
26.0667,0.252
26.2667,0.266
26.4667,0.259
26.6667,0.224
26.8667,0.126
27.0667,0.112
27.2667,0.14
27.4667,0.147
27.6667,0.154
27.8667,0.182
28.0667,0.21
28.2667,0.196
28.4667,0.224
28.6667,0.21
28.8667,0.252
29.0667,0.231
29.2667,0.252
29.4667,0.252
29.6667,0.238
29.8667,0.175
30.0667,0.161
30.2667,0.189
30.4667,0.189
30.6667,0.203
30.8667,0.203
31.0667,0.154
31.2667,0.175
31.4667,0.175
31.6667,0.161
31.8667,0.133
32.0667,0.126
32.2667,0.112
32.4667,0.014
32.6667,0
32.8667,0
33.0667,0
33.2667,0.021
33.4667,0.182
33.6667,0.238
33.8667,0.287
34.0667,0.357
34.2667,0.35
34.4667,0.35
34.6667,0.413
34.8667,0.406
35.0667,0.322
35.2667,0.168
35.4667,0.175
35.6667,0.21
35.8667,0.161
36.0667,0.14
36.2667,0.147
36.4667,0.119
36.6667,0.133
36.8667,0.119
37.0667,0.119
37.2667,0.112
37.4667,0.133
37.6667,0.105
37.8667,0
38.0667,0.035
38.2667,0.028
38.4667,0.021
38.6667,0.021
38.8667,0.021
39.0667,0.049
39.2667,0.077
39.4667,0.084
39.6667,0.112
39.8667,0.105
40.0667,0.161
40.2667,0.168
40.4667,0.161
40.6667,0.182
40.8667,0.203
41.0667,0.168
41.2667,0.168
41.4667,0.224
41.6667,0.217
41.8667,0.203
42.0667,0.203
42.2667,0.098
42.4667,0.091
42.6667,0.105
42.8667,0.077
43.0667,0.119
43.2667,0.119
43.4667,0.098
43.6667,0.091
43.8667,0.091
44.0667,0.098
44.2667,0.098
44.4667,0.098
44.6667,0.105
44.8667,0.105
45.0667,0.105
45.2667,0.133
45.4667,0.112
45.6667,0.105
45.8667,0.105
46.0667,0.105
46.2667,0.112
46.4667,0.098
46.6667,0.07
46.8667,0.049
47.0667,0.007
47.2667,0
47.4667,0
47.6667,0
47.8667,0
48.0667,0
48.2667,0
48.4667,0
48.6667,0
48.8667,0
49.0667,0
49.2667,0
49.4667,0
49.6667,0
49.8667,0
50.0667,0
50.2667,0
50.4667,0
50.6667,0
50.8667,0
51.0667,0
51.2667,0
51.4667,0
51.6667,0
51.8667,0
52.0667,0
52.2667,0
52.4667,0
52.6667,0.014
52.8667,0.021
53.0667,0.035
53.2667,0.049
53.4667,0.07
53.6667,0.098
53.8667,0.105
54.0667,0.105
54.2667,0.119
54.4667,0
54.6667,0
54.8667,0
55.0667,0
55.2667,0
55.4667,0
55.6667,0
55.8667,0
56.0667,0
56.2667,0
56.4667,0
56.6667,0
56.8667,0
57.0667,0
57.2667,0
57.4667,0
57.6667,0
57.8667,0
58.0667,0
58.2667,0.007
58.4667,0.007
58.6667,0
58.8667,0
59.0667,0
59.2667,0
59.4667,0
59.6667,0.007
59.8667,0
60.0667,0
60.2667,0
60.4667,0
60.6667,0
60.8667,0
61.0667,0
61.2667,0
61.4667,0
61.6667,0
61.8667,0
62.0667,0
62.2667,0
62.4667,0
62.6667,0
62.8667,0.007
63.0667,0
63.2667,0
63.4667,0
63.6667,0
63.8667,0
64.0667,0
64.2667,0
64.4667,0
64.6667,0
64.8667,0
65.0667,0
65.2667,0
65.4667,0
65.6667,0
65.8667,0
66.0667,0
66.2667,0
66.4667,0.014
66.6667,0.014
66.8667,0
67.0667,0
67.2667,0
67.4667,0
67.6667,0.007
67.8667,0
68.0667,0
68.2667,0
68.4667,0
68.6667,0
68.8667,0
69.0667,0
69.2667,0
69.4667,0.042
69.6667,0
69.8667,0.021
70.0667,0.014
70.2667,0.014
70.4667,0
70.6667,0.021
70.8667,0.021
71.0667,0.007
71.2667,0.007
71.4667,0.007
71.6667,0.021
71.8667,0.007
72.0667,0
72.2667,0.021
72.4667,0.014
72.6667,0.021
72.8667,0.021
73.0667,0.028
73.2667,0.021
73.4667,0.014
73.6667,0.014
73.8667,0.007
74.0667,0.028
74.2667,0.014
74.4667,0.007
74.6667,0.014
74.8667,0.007
75.0667,0.021
75.2667,0.035
75.4667,0.035
75.6667,0.014
75.8667,0.007
76.0667,0.028
76.2667,0.035
76.4667,0.042
76.6667,0.028
76.8667,0.028
77.0667,0.028
77.2667,0.028
77.4667,0.049
77.6667,0.028
77.8667,0.021
78.0667,0.035
78.2667,0.056
78.4667,0.035
78.6667,0.035
78.8667,0.035
79.0667,0.056
79.2667,0.014
79.4667,0.035
79.6667,0.021
79.8667,0.007
80.0667,0
80.2667,0.007
80.4667,0.007
80.6667,0
80.8667,0
81.0667,0
81.2667,0
81.4667,0
81.6667,0.014
81.8667,0
82.0667,0.007
82.2667,0
82.4667,0
82.6667,0
82.8667,0.007
83.0667,0.014
83.2667,0.014
83.4667,0.007
83.6667,0.014
83.8667,0.021
84.0667,0.007
84.2667,0.021
84.4667,0.014
84.6667,0.014
84.8667,0.014
85.0667,0.014
85.2667,0.007
85.4667,0.014
85.6667,0.007
85.8667,0.028
86.0667,0.021
86.2667,0.014
86.4667,0.021
86.6667,0.014
86.8667,0.007
87.0667,0.007
87.2667,0.007
87.4667,0.007
87.6667,0.014
87.8667,0
88.0667,0.007
88.2667,0.021
88.4667,0
88.6667,0.014
88.8667,0
89.0667,0
89.2667,0
89.4667,0
89.6667,0
89.8667,0
90.0667,0
90.2667,0
90.4667,0
90.6667,0.007
90.8667,0.014
91.0667,0.035
91.2667,0.028
91.4667,0.021
91.6667,0
91.8667,0.014
92.0667,0
92.2667,0.014
92.4667,0
92.6667,0
92.8667,0
93.0667,0
93.2667,0
93.4667,0
93.6667,0
93.8667,0
94.0667,0
94.2667,0
94.4667,0
94.6667,0
94.8667,0
95.0667,0.007
95.2667,0.035
95.4667,0.049
95.6667,0.049
95.8667,0.105
96.0667,0.091
96.2667,0.105
96.4667,0.126
96.6667,0.133
96.8667,0.133
97.0667,0.133
97.2667,0.168
97.4667,0.133
97.6667,0.105
97.8667,0.308
98.0667,0.308
98.2667,0.308
98.4667,0.336
98.6667,0.294
98.8667,0.266
99.0667,0.273
99.2667,0.28
99.4667,0.28
99.6667,0.469
99.8667,0.483
100.067,0.469
100.267,0.441
100.467,0.462
100.667,0.462
100.867,0.441
101.067,0.469
101.267,0.448
101.467,0.455
101.667,0.455
101.867,0.476
102.067,0.483
102.267,0.49
102.467,0.483
102.667,0.462
102.867,0.483
103.067,0.462
103.267,0.693
103.467,0.7
103.667,0.7
103.867,0.693
104.067,0.7
104.267,0.7
104.467,0.665
104.667,0.686
104.867,0.693
105.067,0.679
105.267,0.686
105.467,0.686
105.667,0.686
105.867,0.693
106.067,0.686
106.267,0.679
106.467,0.693
106.667,0.679
106.867,0.658
107.067,0.665
107.267,0.686
107.467,0.693
107.667,0.693
107.867,0.693
108.067,0.686
108.267,0.693
108.467,0.679
108.667,0.693
108.867,0.693
109.067,0.7
109.267,0.686
109.467,0.7
109.667,0.665
109.867,0.7
110.067,0.658
110.267,0.686
110.467,0.693
110.667,0.7
110.867,0.7
111.067,0.686
111.267,0.672
111.467,0.672
111.667,0.686
111.867,0.693
112.067,0.693
112.267,0.686
112.467,0.679
112.667,0.665
112.867,0.658
113.067,0.672
113.267,0.658
113.467,0.665
113.667,0.672
113.867,0.686
114.067,0.7
114.267,0.679
114.467,0.672
114.667,0.665
114.867,0.693
115.067,0.651
115.267,0.651
115.467,0.63
115.667,0.63
115.867,0.672
116.067,0.672
116.267,0.672
116.467,0.693
116.667,0.686
116.867,0.686
117.067,0.609
117.267,0.665
117.467,0.679
117.667,0.672
117.867,0.665
118.067,0.637
118.267,0.679
118.467,0.686
118.667,0.693
118.867,0.679
119.067,0.665
119.267,0.686
119.467,0.679
119.667,0.693
119.867,0.672
120.067,0.693
120.267,0.665
120.467,0.672
120.667,0.686
120.867,0.679
121.067,0.665
121.267,0.686
121.467,0.665
121.667,0.63
121.867,0.602
122.067,0.644
122.267,0.644
122.467,0.658
122.667,0.644
122.867,0.651
123.067,0.651
123.267,0.651
123.467,0.665
123.667,0.679
123.867,0.665
124.067,0.686
124.267,0.672
124.467,0.7
124.667,0.7
124.867,0.686
125.067,0.658
125.267,0.672
125.467,0.665
125.667,0.672
125.867,0.609
126.067,0.693
126.267,0.672
126.467,0.609
126.667,0.616
126.867,0.588
127.067,0.651
127.267,0.623
127.467,0.651
127.667,0.609
127.867,0.623
128.067,0.658
128.267,0.679
128.467,0.658
128.667,0.665
128.867,0.693
129.067,0.672
129.267,0.616
129.467,0.658
129.667,0.567
129.867,0.637
130.067,0.469
130.267,0.308
130.467,0.133
130.667,0.014
130.867,0.007
131.067,0
131.267,0
131.467,0
131.667,0
131.867,0
132.067,0
132.267,0.014
132.467,0
132.667,0
132.867,0
133.067,0
133.267,0.007
133.467,0.098
133.667,0.245
133.867,0.497
134.067,0.679
134.267,0.658
134.467,0.651
134.667,0.651
134.867,0.441
135.067,0.609
135.267,0.63
135.467,0.665
135.667,0.693
135.867,0.658
136.067,0.651
136.267,0.665
136.467,0.693
136.667,0.665
136.867,0.651
137.067,0.525
137.267,0.497
137.467,0.49
137.667,0.217
137.867,0.105
138.067,0.063
138.267,0.084
138.467,0.105
138.667,0.056
138.867,0.091
139.067,0.035
139.267,0.049
139.467,0.105
139.667,0.077
139.867,0.063
140.067,0.098
140.267,0.168
140.467,0.196
140.667,0.308
140.867,0.245
141.067,0.427
141.267,0.434
141.467,0.343
141.667,0.567
141.867,0.644
142.067,0.665
142.267,0.602
142.467,0.539
142.667,0.588
142.867,0.623
143.067,0.623
143.267,0.574
143.467,0.616
143.667,0.651
143.867,0.665
144.067,0.665
144.267,0.658
144.467,0.679
144.667,0.665
144.867,0.518
145.067,0.462
145.267,0.637
145.467,0.532
145.667,0.49
145.867,0.476
146.067,0.378
146.267,0.378
146.467,0.049
146.667,0.021
146.867,0.021
147.067,0.077
147.267,0.028
147.467,0.042
147.667,0.021
147.867,0.021
148.067,0.049
148.267,0.035
148.467,0.035
148.667,0.042
148.867,0.042
149.067,0.035
149.267,0.042
149.467,0.014
149.667,0.035
149.867,0.021
150.067,0.049
150.267,0.056
150.467,0.07
150.667,0.077
150.867,0.042
151.067,0.175
151.267,0.203
151.467,0.581
151.667,0.644
151.867,0.665
152.067,0.679
152.267,0.672
152.467,0.665
152.667,0.686
152.867,0.686
153.067,0.679
153.267,0.693
153.467,0.693
153.667,0.665
153.867,0.686
154.067,0.679
154.267,0.679
154.467,0.679
154.667,0.679
154.867,0.644
155.067,0.686
155.267,0.665
155.467,0.644
155.667,0.623
155.867,0.588
156.067,0.511
156.267,0.413
156.467,0.182
156.667,0.14
156.867,0.266
157.067,0.308
157.267,0.427
157.467,0.406
157.667,0.392
157.867,0.469
158.067,0.511
158.267,0.532
158.467,0.273
158.667,0.196
158.867,0.126
159.067,0.154
159.267,0.273
159.467,0.364
159.667,0.392
159.867,0.392
160.067,0.469
160.267,0.392
160.467,0.525
160.667,0.322
160.867,0.301
161.067,0.084
161.267,0.021
161.467,0
161.667,0
161.867,0.014
162.067,0.014
162.267,0.175
162.467,0.266
162.667,0.294
162.867,0.329
163.067,0.441
163.267,0.553
163.467,0.525
163.667,0.581
163.867,0.525
164.067,0.441
164.267,0.49
164.467,0.329
164.667,0.007
164.867,0
165.067,0.126
165.267,0.28
165.467,0.287
165.667,0.336
165.867,0.287
166.067,0.378
166.267,0.343
166.467,0.399
166.667,0.371
166.867,0.35
167.067,0.252
167.267,0.133
167.467,0.273
167.667,0.588
167.867,0.651
168.067,0.665
168.267,0.679
168.467,0.672
168.667,0.644
168.867,0.679
169.067,0.679
169.267,0.665
169.467,0.658
169.667,0.574
169.867,0.602
170.067,0.462
170.267,0.252
170.467,0.098
170.667,0
170.867,0
171.067,0
171.267,0
171.467,0
171.667,0
171.867,0
172.067,0.007
172.267,0
172.467,0
172.667,0
172.867,0
173.067,0
173.267,0
173.467,0
173.667,0
173.867,0
174.067,0
174.267,0
174.467,0
174.667,0
174.867,0.007
175.067,0.105
175.267,0.245
175.467,0.434
175.667,0.364
175.867,0.378
176.067,0.553
176.267,0.637
176.467,0.7
176.667,0.686
176.867,0.686
177.067,0.672
177.267,0.672
177.467,0.686
177.667,0.679
177.867,0.665
178.067,0.665
178.267,0.595
178.467,0.476
178.667,0.462
178.867,0.462
179.067,0.497
179.267,0.315
179.467,0.322
179.667,0.336
179.867,0.343
180.067,0.329
180.267,0.308
180.467,0.301
180.667,0.322
180.867,0.322
181.067,0.294
181.267,0.294
181.467,0.294
181.667,0.371
181.867,0.413
182.067,0.518
182.267,0.539
182.467,0.672
182.667,0.686
182.867,0.665
183.067,0.679
183.267,0.672
183.467,0.672
183.667,0.623
183.867,0.644
184.067,0.539
184.267,0.553
184.467,0.553
184.667,0.539
184.867,0.497
185.067,0.532
185.267,0.539
185.467,0.518
185.667,0.511
185.867,0.469
186.067,0.462
186.267,0.448
186.467,0.427
186.667,0.385
186.867,0.301
187.067,0.301
187.267,0.014
187.467,0.007
187.667,0.063
187.867,0
188.067,0
188.267,0.014
188.467,0.007
188.667,0
188.867,0
189.067,0.014
189.267,0.007
189.467,0
189.667,0.007
189.867,0.014
190.067,0.035
190.267,0.007
190.467,0.021
190.667,0.007
190.867,0.014
191.067,0.007
191.267,0.014
191.467,0.007
191.667,0.028
191.867,0.049
192.067,0.189
192.267,0.182
192.467,0.245
192.667,0.21
192.867,0.238
193.067,0.231
193.267,0.231
193.467,0.182
193.667,0.161
193.867,0.182
194.067,0.168
194.267,0.182
194.467,0.147
194.667,0.126
194.867,0.133
195.067,0.126
195.267,0.133
195.467,0.126
195.667,0.112
195.867,0.14
196.067,0.119
196.267,0.154
196.467,0.091
196.667,0.112
196.867,0.14
197.067,0.14
197.267,0.126
197.467,0.112
197.667,0.154
197.867,0.161
198.067,0.196
198.267,0.168
198.467,0.168
198.667,0.161
198.867,0.189
199.067,0.252
199.267,0.238
199.467,0.259
199.667,0.322
199.867,0.322
200.067,0.343
200.267,0.378
200.467,0.385
200.667,0.385
200.867,0.448
201.067,0.483
201.267,0.518
201.467,0.483
201.667,0.455
201.867,0.42
202.067,0.476
202.267,0.469
202.467,0.455
202.667,0.469
202.867,0.483
203.067,0.462
203.267,0.462
203.467,0.469
203.667,0.469
203.867,0.462
204.067,0.427
204.267,0.441
204.467,0.434
204.667,0.413
204.867,0.434
205.067,0.259
205.267,0.266
205.467,0.259
205.667,0.266
205.867,0.238
206.067,0.238
206.267,0.217
206.467,0.231
206.667,0.252
206.867,0.252
207.067,0.28
207.267,0.21
207.467,0.21
207.667,0.21
207.867,0.196
208.067,0.182
208.267,0.189
208.467,0.175
208.667,0.154
208.867,0.042
209.067,0.056
209.267,0.063
209.467,0.063
209.667,0.063
209.867,0.105
210.067,0.119
210.267,0.112
210.467,0.105
210.667,0.126
210.867,0.098
211.067,0.098
211.267,0.056
211.467,0.042
211.667,0.035
211.867,0.007
212.067,0.007
212.267,0.014
212.467,0.007
212.667,0.021
212.867,0.042
213.067,0
213.267,0.014
213.467,0.007
213.667,0.007
213.867,0.028
214.067,0.035
214.267,0.014
214.467,0
214.667,0.014
214.867,0
215.067,0.028
215.267,0.056
215.467,0.028
215.667,0.014
215.867,0.028
216.067,0.021
216.267,0.028
216.467,0.035
216.667,0.021
216.867,0
217.067,0
217.267,0
217.467,0
217.667,0
217.867,0
218.067,0
218.267,0
218.467,0
218.667,0
218.867,0.014
219.067,0.021
219.267,0
219.467,0
219.667,0
219.867,0
220.067,0
220.267,0
220.467,0
220.667,0.007
220.867,0
221.067,0
221.267,0
221.467,0
221.667,0
221.867,0.007
222.067,0.014
222.267,0.021
222.467,0.021
222.667,0.014
222.867,0.021
223.067,0.014
223.267,0.014
223.467,0.021
223.667,0.014
223.867,0.014
224.067,0.014
224.267,0.021
224.467,0.021
224.667,0.014
224.867,0.014
225.067,0.014
225.267,0.014
225.467,0.021
225.667,0.035
225.867,0.028
226.067,0.021
226.267,0.007
226.467,0
226.667,0
226.867,0
227.067,0
227.267,0
227.467,0.007
227.667,0.007
227.867,0
228.067,0
228.267,0
228.467,0
228.667,0
228.867,0
229.067,0
229.267,0
229.467,0
229.667,0
229.867,0
230.067,0
230.267,0
230.467,0
230.667,0
230.867,0
231.067,0
231.267,0
231.467,0
231.667,0
231.867,0
232.067,0
232.267,0
232.467,0
232.667,0
232.867,0
233.067,0
233.267,0
233.467,0
233.667,0
233.867,0
234.067,0
234.267,0
234.467,0
234.667,0
234.867,0
235.067,0
235.267,0
235.467,0
235.667,0
235.867,0
236.067,0
236.267,0
236.467,0.007
236.667,0
236.867,0
237.067,0
237.267,0
237.467,0
237.667,0
237.867,0
238.067,0
238.267,0
238.467,0
238.667,0
238.867,0
239.067,0
239.267,0.007
239.467,0
239.667,0.007
239.867,0
240.067,0
240.267,0
240.467,0
240.667,0
240.867,0
241.067,0
241.267,0
241.467,0.007
241.667,0.007
241.867,0
242.067,0
242.267,0
242.467,0
242.667,0
242.867,0
243.067,0
243.267,0
243.467,0
243.667,0
243.867,0
244.067,0
244.267,0
244.467,0
244.667,0
244.867,0
245.067,0
245.267,0
245.467,0
245.667,0
245.867,0
246.067,0
246.267,0
246.467,0
246.667,0.007
246.867,0.105
247.067,0.098
247.267,0.126
247.467,0.105
247.667,0.084
247.867,0.105
248.067,0.105
248.267,0.105
248.467,0.105
248.667,0.119
248.867,0.091
249.067,0.119
249.267,0.112
249.467,0.119
249.667,0.084
249.867,0
250.067,0
250.267,0
250.467,0
250.667,0
250.867,0
251.067,0
251.267,0
251.467,0
251.667,0
251.867,0
252.067,0.084
252.267,0.07
252.467,0.091
252.667,0.091
252.867,0.091
253.067,0.133
253.267,0.154
253.467,0.161
253.667,0.154
253.867,0.154
254.067,0.168
254.267,0.014
254.467,0
254.667,0
254.867,0
255.067,0
255.267,0
255.467,0
255.667,0
255.867,0
256.067,0
256.267,0
256.467,0.007
256.667,0.007
256.867,0.014
257.067,0.021
257.267,0.035
257.467,0.021
257.667,0.021
257.867,0.042
258.067,0.056
258.267,0.042
258.467,0.042
258.667,0.049
258.867,0.063
259.067,0.056
259.267,0.035
259.467,0.07
259.667,0.063
259.867,0.063
260.067,0.056
260.267,0.077
260.467,0.042
260.667,0.028
260.867,0.035
261.067,0.042
261.267,0.021
261.467,0.021
261.667,0.014
261.867,0.014
262.067,0.014
262.267,0.007
262.467,0.007
262.667,0.014
262.867,0.014
263.067,0
263.267,0
263.467,0.007
263.667,0.007
263.867,0.007
264.067,0
264.267,0.014
264.467,0.014
264.667,0
264.867,0.021
265.067,0.021
265.267,0.021
265.467,0.021
265.667,0.021
265.867,0.021
266.067,0.021
266.267,0
266.467,0
266.667,0
266.867,0
267.067,0
267.267,0
267.467,0
267.667,0.014
267.867,0.007
268.067,0.007
268.267,0
268.467,0
268.667,0
268.867,0
269.067,0
269.267,0
269.467,0
269.667,0
269.867,0
270.067,0
270.267,0
270.467,0
270.667,0
270.867,0
271.067,0
271.267,0
271.467,0
271.667,0
271.867,0
272.067,0
272.267,0
272.467,0
272.667,0
272.867,0
273.067,0
273.267,0
273.467,0
273.667,0
273.867,0
274.067,0
274.267,0
274.467,0
274.667,0
274.867,0.007
275.067,0
275.267,0
275.467,0
275.667,0
275.867,0.007
276.067,0.056
276.267,0.042
276.467,0.049
276.667,0.056
276.867,0.056
277.067,0.056
277.267,0.049
277.467,0.056
277.667,0.056
277.867,0.07
278.067,0.105
278.267,0.056
278.467,0.042
278.667,0.056
278.867,0.049
279.067,0.056
279.267,0.077
279.467,0.133
279.667,0.105
279.867,0.119
280.067,0.189
280.267,0.266
280.467,0.308
280.667,0.308
280.867,0.329
281.067,0.329
281.267,0.329
281.467,0.35
281.667,0.371
281.867,0.357
282.067,0.35
282.267,0.504
282.467,0.504
282.667,0.497
282.867,0.504
283.067,0.518
283.267,0.672
283.467,0.686
283.667,0.665
283.867,0.679
284.067,0.679
284.267,0.679
284.467,0.693
284.667,0.693
284.867,0.651
285.067,0.644
285.267,0.665
285.467,0.686
285.667,0.686
285.867,0.686
286.067,0.672
286.267,0.686
286.467,0.658
286.667,0.672
286.867,0.672
287.067,0.665
287.267,0.665
287.467,0.679
287.667,0.679
287.867,0.679
288.067,0.665
288.267,0.672
288.467,0.693
288.667,0.686
288.867,0.679
289.067,0.693
289.267,0.693
289.467,0.665
289.667,0.658
289.867,0.686
290.067,0.693
290.267,0.7
290.467,0.693
290.667,0.679
290.867,0.686
291.067,0.679
291.267,0.693
291.467,0.7
291.667,0.672
291.867,0.679
292.067,0.665
292.267,0.665
292.467,0.693
292.667,0.672
292.867,0.693
293.067,0.693
293.267,0.693
293.467,0.693
293.667,0.679
293.867,0.651
294.067,0.665
294.267,0.623
294.467,0.616
294.667,0.637
294.867,0.651
295.067,0.644
295.267,0.637
295.467,0.672
295.667,0.665
295.867,0.651
296.067,0.686
296.267,0.658
296.467,0.672
296.667,0.679
296.867,0.686
297.067,0.679
297.267,0.665
297.467,0.665
297.667,0.658
297.867,0.658
298.067,0.651
298.267,0.539
298.467,0.623
298.667,0.686
298.867,0.672
299.067,0.651
299.267,0.665
299.467,0.672
299.667,0.679
299.867,0.686
300.067,0.672
300.267,0.679
300.467,0.679
300.667,0.686
300.867,0.7
301.067,0.693
301.267,0.686
301.467,0.686
301.667,0.686
301.867,0.679
302.067,0.7
302.267,0.686
302.467,0.7
302.667,0.693
302.867,0.7
303.067,0.686
303.267,0.679
303.467,0.7
303.667,0.7
303.867,0.693
304.067,0.686
304.267,0.672
304.467,0.679
304.667,0.665
304.867,0.658
305.067,0.679
305.267,0.651
305.467,0.672
305.667,0.658
305.867,0.679
306.067,0.672
306.267,0.693
306.467,0.693
306.667,0.693
306.867,0.679
307.067,0.679
307.267,0.686
307.467,0.665
307.667,0.679
307.867,0.665
308.067,0.637
308.267,0.658
308.467,0.644
308.667,0.588
308.867,0.623
309.067,0.665
309.267,0.679
309.467,0.672
309.667,0.686
309.867,0.679
310.067,0.679
310.267,0.679
310.467,0.658
310.667,0.679
310.867,0.7
311.067,0.665
311.267,0.693
311.467,0.693
311.667,0.686
311.867,0.686
312.067,0.693
312.267,0.679
312.467,0.679
312.667,0.686
312.867,0.686
313.067,0.672
313.267,0.665
313.467,0.665
313.667,0.658
313.867,0.658
314.067,0.679
314.267,0.686
314.467,0.693
314.667,0.686
314.867,0.686
315.067,0.7
315.267,0.693
315.467,0.658
315.667,0.658
315.867,0.658
316.067,0.658
316.267,0.63
316.467,0.679
316.667,0.693
316.867,0.672
317.067,0.665
317.267,0.672
317.467,0.644
317.667,0.651
317.867,0.651
318.067,0.567
318.267,0.567
318.467,0.504
318.667,0.294
318.867,0.021
319.067,0
319.267,0.007
319.467,0.014
319.667,0.014
319.867,0
320.067,0
320.267,0
320.467,0.014
320.667,0.014
320.867,0.021
321.067,0.028
321.267,0.028
321.467,0.007
321.667,0.028
321.867,0.028
322.067,0
322.267,0.175
322.467,0.154
322.667,0.175
322.867,0.175
323.067,0.105
323.267,0.126
323.467,0.112
323.667,0.203
323.867,0.224
324.067,0.077
324.267,0.161
324.467,0.105
324.667,0.168
324.867,0.154
325.067,0.091
325.267,0.147
325.467,0.112
325.667,0.119
325.867,0.105
326.067,0.021
326.267,0.084
326.467,0.014
326.667,0.098
326.867,0.021
327.067,0.014
327.267,0
327.467,0
327.667,0
327.867,0.084
328.067,0.28
328.267,0.322
328.467,0.49
328.667,0.616
328.867,0.679
329.067,0.693
329.267,0.693
329.467,0.672
329.667,0.679
329.867,0.616
330.067,0.623
330.267,0.581
330.467,0.546
330.667,0.385
330.867,0.308
331.067,0.189
331.267,0.329
331.467,0.518
331.667,0.665
331.867,0.693
332.067,0.686
332.267,0.693
332.467,0.693
332.667,0.651
332.867,0.665
333.067,0.665
333.267,0.63
333.467,0.644
333.667,0.553
333.867,0.49
334.067,0.336
334.267,0.091
334.467,0
334.667,0.063
334.867,0.259
335.067,0.315
335.267,0.399
335.467,0.322
335.667,0.406
335.867,0.399
336.067,0.42
336.267,0.546
336.467,0.385
336.667,0.546
336.867,0.371
337.067,0.469
337.267,0.609
337.467,0.609
337.667,0.637
337.867,0.623
338.067,0.623
338.267,0.658
338.467,0.609
338.667,0.616
338.867,0.623
339.067,0.574
339.267,0.581
339.467,0.518
339.667,0.399
339.867,0.511
340.067,0.322
340.267,0.287
340.467,0.378
340.667,0.168
340.867,0.007
341.067,0
341.267,0
341.467,0
341.667,0
341.867,0
342.067,0
342.267,0
342.467,0
342.667,0
342.867,0
343.067,0
343.267,0
343.467,0
343.667,0
343.867,0
344.067,0
344.267,0
344.467,0
344.667,0
344.867,0
345.067,0
345.267,0
345.467,0
345.667,0
345.867,0
346.067,0
346.267,0
346.467,0
346.667,0
346.867,0
347.067,0
347.267,0
347.467,0
347.667,0
347.867,0
348.067,0
348.267,0
348.467,0
348.667,0
348.867,0
349.067,0
349.267,0
349.467,0
349.667,0
349.867,0
350.067,0
350.267,0
350.467,0.077
350.667,0.154
350.867,0.364
351.067,0.427
351.267,0.441
351.467,0.553
351.667,0.504
351.867,0.518
352.067,0.518
352.267,0.497
352.467,0.616
352.667,0.567
352.867,0.511
353.067,0.588
353.267,0.623
353.467,0.651
353.667,0.553
353.867,0.637
354.067,0.658
354.267,0.651
354.467,0.504
354.667,0.448
354.867,0.385
355.067,0.441
355.267,0.455
355.467,0.469
355.667,0.49
355.867,0.497
356.067,0.476
356.267,0.434
356.467,0.385
356.667,0.413
356.867,0.476
357.067,0.476
357.267,0.525
357.467,0.546
357.667,0.525
357.867,0.525
358.067,0.525
358.267,0.497
358.467,0.497
358.667,0.448
358.867,0.469
359.067,0.483
359.267,0.518
359.467,0.532
359.667,0.532
359.867,0.511
360.067,0.525
360.267,0.546
360.467,0.469
360.667,0.462
360.867,0.511
361.067,0.455
361.267,0.476
361.467,0.497
361.667,0.497
361.867,0.497
362.067,0.518
362.267,0.504
362.467,0.504
362.667,0.525
362.867,0.511
363.067,0.49
363.267,0.532
363.467,0.546
363.667,0.413
363.867,0.413
364.067,0.42
364.267,0.385
364.467,0.392
364.667,0.357
364.867,0.308
365.067,0.294
365.267,0.126
365.467,0.126
365.667,0.126
365.867,0.14
366.067,0.147
366.267,0.147
366.467,0.161
366.667,0.126
366.867,0.098
367.067,0.042
367.267,0.049
367.467,0.063
367.667,0.084
367.867,0.07
368.067,0.105
368.267,0.14
368.467,0.154
368.667,0.126
368.867,0.217
369.067,0.217
369.267,0.168
369.467,0.217
369.667,0.245
369.867,0.231
370.067,0.28
370.267,0.245
370.467,0.301
370.667,0.301
370.867,0.322
371.067,0.357
371.267,0.378
371.467,0.392
371.667,0.413
371.867,0.406
372.067,0.392
372.267,0.392
372.467,0.371
372.667,0.308
372.867,0.252
373.067,0.336
373.267,0.329
373.467,0.315
373.667,0.098
373.867,0.112
374.067,0.098
374.267,0.098
374.467,0.14
374.667,0.147
374.867,0.154
375.067,0.119
375.267,0.063
375.467,0.056
375.667,0.063
375.867,0.07
376.067,0.07
376.267,0.098
376.467,0.119
376.667,0.119
376.867,0.112
377.067,0.161
377.267,0.147
377.467,0.14
377.667,0.091
377.867,0.084
378.067,0.098
378.267,0.091
378.467,0.098
378.667,0.091
378.867,0.105
379.067,0.063
379.267,0.007
379.467,0
379.667,0
379.867,0
380.067,0.007
380.267,0.007
380.467,0.014
380.667,0.014
380.867,0
381.067,0
381.267,0
381.467,0.007
381.667,0
381.867,0.007
382.067,0.007
382.267,0.007